39.000000, 5.000000, 38.417889, 4.186890
39.000000, 5.000000, 38.190516, 5.587142
38.190516, 5.587142, 37.190833, 5.612323
37.190833, 5.612323, 36.331779, 6.124207
36.331779, 6.124207, 36.598616, 7.087949
39.000000, 5.000000, 39.772116, 5.635481
36.598616, 7.087949, 35.750757, 7.618170
35.750757, 7.618170, 34.780934, 7.861981
34.780934, 7.861981, 34.246017, 8.706885
34.246017, 8.706885, 33.993630, 9.674512
33.993630, 9.674512, 32.995264, 9.617378
32.995264, 9.617378, 31.995334, 9.605494
31.995334, 9.605494, 31.178064, 9.029240
33.993630, 9.674512, 34.089545, 10.669901
31.178064, 9.029240, 30.201298, 8.814929
30.201298, 8.814929, 29.812417, 9.736217
38.417889, 4.186890, 38.639810, 3.211826
29.812417, 9.736217, 29.656008, 10.723910
29.656008, 10.723910, 28.663115, 10.842915
28.663115, 10.842915, 27.678719, 10.666948
27.678719, 10.666948, 26.739867, 10.322626
26.739867, 10.322626, 25.747522, 10.199129
25.747522, 10.199129, 24.844856, 10.629471
34.089545, 10.669901, 34.243330, 11.658006
24.844856, 10.629471, 23.915550, 10.998780
23.915550, 10.998780, 23.370199, 10.160573
23.370199, 10.160573, 22.477505, 10.611237
22.477505, 10.611237, 21.922584, 11.443140
22.477505, 10.611237, 21.864216, 9.821379
21.864216, 9.821379, 20.864358, 9.838257
20.864358, 9.838257, 19.877269, 9.678084
21.864216, 9.821379, 21.997972, 8.830365
19.877269, 9.678084, 18.994371, 10.147648
21.922584, 11.443140, 21.839516, 12.439684
18.994371, 10.147648, 18.024611, 10.391709
21.997972, 8.830365, 21.943483, 7.831851
21.943483, 7.831851, 21.410972, 6.985428
21.410972, 6.985428, 20.866465, 6.146671
20.866465, 6.146671, 20.376179, 5.275110
20.376179, 5.275110, 19.970897, 4.360918
19.970897, 4.360918, 19.020446, 4.050042
19.020446, 4.050042, 18.058859, 3.775544
18.024611, 10.391709, 17.124569, 10.827514
28.663115, 10.842915, 28.722938, 11.841124
17.124569, 10.827514, 16.143780, 10.632445
34.243330, 11.658006, 34.453186, 12.635738
16.143780, 10.632445, 15.893580, 11.600639
15.893580, 11.600639, 15.102649, 12.212544
28.722938, 11.841124, 29.093664, 12.769866
15.102649, 12.212544, 14.119713, 12.396489
14.119713, 12.396489, 13.368828, 13.056923
13.368828, 13.056923, 12.369000, 13.038408
12.369000, 13.038408, 11.470425, 12.599587
11.470425, 12.599587, 12.048620, 11.783689
11.470425, 12.599587, 10.604953, 12.098629
10.604953, 12.098629, 9.694182, 12.511540
9.694182, 12.511540, 8.698421, 12.419564
29.093664, 12.769866, 29.129035, 13.769240
29.129035, 13.769240, 29.365097, 14.740978
8.698421, 12.419564, 7.836801, 11.912011
34.453186, 12.635738, 33.967219, 13.509715
29.365097, 14.740978, 29.518222, 15.729185
7.836801, 11.912011, 7.051089, 11.293418
12.369000, 13.038408, 12.159197, 14.016151
15.893580, 11.600639, 15.033968, 11.096382
29.518222, 15.729185, 30.071524, 16.562166
7.051089, 11.293418, 6.416729, 10.520380
30.071524, 16.562166, 30.120128, 16.374068
6.416729, 10.520380, 5.912795, 9.656638
5.912795, 9.656638, 4.915092, 9.588896
30.071524, 16.562166, 29.473222, 17.363436
25.747522, 10.199129, 25.965040, 9.223072
29.473222, 17.363436, 29.438049, 18.362817
4.915092, 9.588896, 4.522393, 8.669229
21.839516, 12.439684, 20.840459, 12.483102
4.522393, 8.669229, 3.524799, 8.599909
12.159197, 14.016151, 11.861642, 14.970856
3.524799, 8.599909, 2.622946, 9.031952
2.622946, 9.031952, 1.963552, 8.280154
1.963552, 8.280154, 0.969342, 8.387604
11.861642, 14.970856, 11.370192, 15.841762
0.969342, 8.387604, -0.015311, 8.562127
-0.015311, 8.562127, -0.584537, 7.739946
11.370192, 15.841762, 10.855260, 16.698993
-0.584537, 7.739946, -1.574212, 7.596620
38.190516, 5.587142, 38.521427, 6.530804
29.438049, 18.362817, 29.274730, 19.349391
29.274730, 19.349391, 30.036443, 19.997306
-1.574212, 7.596620, -2.433714, 8.107752
20.840459, 12.483102, 20.734891, 13.477514
30.036443, 19.997306, 29.661576, 20.924384
-2.433714, 8.107752, -3.292682, 7.595722
-2.433714, 8.107752, -2.676427, 9.077851
-3.292682, 7.595722, -4.290402, 7.528233
-4.290402, 7.528233, -4.900063, 6.735571
-4.900063, 6.735571, -5.386886, 5.862070
-5.386886, 5.862070, -6.317859, 5.496982
29.661576, 20.924384, 30.063368, 21.840115
-6.317859, 5.496982, -6.898264, 4.682654
-6.898264, 4.682654, -6.839612, 3.684376
-6.317859, 5.496982, -7.015679, 6.213256
30.063368, 21.840115, 30.967842, 22.266644
10.604953, 12.098629, 10.744849, 11.946350
-6.839612, 3.684376, -7.820489, 3.489748
-7.820489, 3.489748, -7.665414, 2.501845
30.967842, 22.266644, 31.443187, 23.146443
-7.665414, 2.501845, -7.293880, 1.573426
-7.015679, 6.213256, -7.978329, 6.484003
-7.293880, 1.573426, -6.676444, 0.786804
-7.978329, 6.484003, -8.978102, 6.505297
-6.676444, 0.786804, -6.375138, -0.166723
31.443187, 23.146443, 31.197145, 24.115702
-8.978102, 6.505297, -9.936678, 6.220457
-6.375138, -0.166723, -5.539233, -0.715598
31.197145, 24.115702, 30.629231, 24.938790
-0.584537, 7.739946, -0.236999, 6.802280
30.629231, 24.938790, 30.883219, 25.905998
30.883219, 25.905998, 31.027500, 26.895534
4.522393, 8.669229, 4.688426, 7.683109
-5.539233, -0.715598, -5.712741, -1.700430
-5.712741, -1.700430, -5.084087, -2.478116
-5.084087, -2.478116, -4.639061, -3.373633
31.027500, 26.895534, 31.814913, 27.511960
-4.639061, -3.373633, -4.091717, -4.210541
-4.091717, -4.210541, -4.800940, -4.915526
-9.936678, 6.220457, -10.667814, 6.902688
-4.800940, -4.915526, -4.290735, -5.775579
-10.667814, 6.902688, -11.665586, 6.969415
-11.665586, 6.969415, -12.332191, 7.714825
39.772116, 5.635481, 40.772054, 5.646635
-4.290735, -5.775579, -3.578958, -6.477985
-3.578958, -6.477985, -4.157238, -7.293823
-12.332191, 7.714825, -13.330366, 7.775222
-4.157238, -7.293823, -5.055504, -7.733276
-5.055504, -7.733276, -5.236419, -8.716775
-5.236419, -8.716775, -5.169589, -9.714539
-4.639061, -3.373633, -3.919061, -2.679659
29.365097, 14.740978, 30.310735, 14.559704
-13.330366, 7.775222, -14.320701, 7.913917
-5.169589, -9.714539, -6.069568, -10.150473
31.814913, 27.511960, 31.262466, 28.345508
31.262466, 28.345508, 30.546749, 29.043898
-4.800940, -4.915526, -5.796444, -5.010247
-14.320701, 7.913917, -14.654638, 8.856512
40.772054, 5.646635, 41.411663, 4.877935
-3.578958, -6.477985, -2.590637, -6.630368
-6.069568, -10.150473, -7.063825, -10.043454
-5.169589, -9.714539, -4.473703, -10.432691
-14.654638, 8.856512, -15.295551, 9.624126
-15.295551, 9.624126, -16.059650, 10.269224
-4.473703, -10.432691, -3.872607, -11.231868
-2.590637, -6.630368, -1.603983, -6.467534
-3.872607, -11.231868, -3.828631, -12.230901
-16.059650, 10.269224, -17.028165, 10.020267
-3.828631, -12.230901, -3.512147, -13.179499
-17.028165, 10.020267, -17.717046, 10.745141
30.546749, 29.043898, 29.689355, 29.558559
29.661576, 20.924384, 28.766739, 21.370777
-7.063825, -10.043454, -7.786450, -10.734694
-7.786450, -10.734694, -8.472761, -11.462003
-8.472761, -11.462003, -9.181492, -12.167481
31.814913, 27.511960, 32.712335, 27.953133
-3.512147, -13.179499, -3.255737, -14.146067
-3.255737, -14.146067, -3.007394, -15.114739
-3.007394, -15.114739, -2.106308, -15.548380
-1.603983, -6.467534, -0.990971, -5.677461
-9.181492, -12.167481, -9.931580, -12.828819
-2.106308, -15.548380, -1.594533, -16.407499
-17.717046, 10.745141, -18.552281, 10.195249
-9.931580, -12.828819, -10.931580, -12.829863
-10.931580, -12.829863, -11.142735, -13.807315
-11.142735, -13.807315, -11.796017, -14.564431
29.689355, 29.558559, 29.622967, 30.556353
28.766739, 21.370777, 27.843453, 21.754891
-11.796017, -14.564431, -12.706241, -14.978547
29.622967, 30.556353, 29.955360, 31.499494
-12.706241, -14.978547, -13.175959, -15.861363
-13.175959, -15.861363, -13.016787, -16.848614
-13.175959, -15.861363, -14.168803, -15.980778
29.955360, 31.499494, 29.954729, 32.499494
10.855260, 16.698993, 10.786931, 17.696656
-18.552281, 10.195249, -19.369220, 9.618525
-13.016787, -16.848614, -13.238623, -17.823698
-19.369220, 9.618525, -20.285217, 10.019711
-20.285217, 10.019711, -20.965468, 10.752690
-20.965468, 10.752690, -21.433014, 11.636659
29.954729, 32.499494, 30.852988, 32.938960
30.852988, 32.938960, 31.320804, 33.822786
-13.238623, -17.823698, -14.109467, -18.315258
34.246017, 8.706885, 35.212737, 8.962724
-14.109467, -18.315258, -14.990968, -18.787441
-21.433014, 11.636659, -22.431777, 11.686373
-14.990968, -18.787441, -15.531107, -19.629017
29.954729, 32.499494, 28.958491, 32.586152
-15.531107, -19.629017, -16.278188, -20.293750
31.320804, 33.822786, 31.373015, 34.821422
-16.278188, -20.293750, -17.252602, -20.068993
-16.278188, -20.293750, -15.550528, -20.979688
-22.431777, 11.686373, -22.870317, 12.585085
27.843453, 21.754891, 26.865802, 21.544657
-17.252602, -20.068993, -18.029529, -19.439402
35.212737, 8.962724, 35.023275, 9.771127
-20.285217, 10.019711, -20.685607, 9.103367
-22.870317, 12.585085, -23.005778, 13.575867
-23.005778, 13.575867, -23.778888, 14.210139
-15.550528, -20.979688, -15.284696, -21.943708
-18.029529, -19.439402, -18.733746, -20.149387
-15.284696, -21.943708, -15.329254, -22.942715
-15.329254, -22.942715, -14.495750, -23.495228
40.772054, 5.646635, 40.726977, 5.603980
28.958491, 32.586152, 28.172873, 33.204864
-14.495750, -23.495228, -13.496270, -23.462965
20.734891, 13.477514, 19.988619, 14.143155
-23.778888, 14.210139, -24.697342, 13.814611
-23.778888, 14.210139, -23.209277, 15.032053
28.172873, 33.204864, 27.792572, 34.129727
-18.733746, -20.149387, -19.700717, -19.894500
-24.697342, 13.814611, -25.683838, 13.650822
39.772116, 5.635481, 40.117098, 5.803064
-13.496270, -23.462965, -12.537680, -23.178178
-25.683838, 13.650822, -26.583517, 14.087374
-19.700717, -19.894500, -20.437957, -20.570131
-0.990971, -5.677461, -0.007390, -5.496991
27.792572, 34.129727, 27.627225, 35.115962
-20.437957, -20.570131, -21.047988, -21.362509
-21.047988, -21.362509, -21.823427, -21.993931
-26.583517, 14.087374, -27.109909, 14.937616
-27.109909, 14.937616, -27.905452, 15.543513
-12.706241, -14.978547, -13.256353, -14.143456
-12.537680, -23.178178, -11.883771, -23.934751
-23.209277, 15.032053, -23.445873, 16.003662
27.792572, 34.129727, 26.821588, 33.890583
-27.905452, 15.543513, -28.606240, 14.830144
-27.905452, 15.543513, -28.241797, 16.485252
-21.823427, -21.993931, -22.155164, -22.937303
32.712335, 27.953133, 33.492444, 28.578777
33.492444, 28.578777, 34.418505, 28.956151
-23.005778, 13.575867, -22.239046, 13.490409
-8.978102, 6.505297, -8.850935, 7.497178
-11.883771, -23.934751, -11.246268, -24.705199
-26.583517, 14.087374, -26.993759, 13.175398
-11.246268, -24.705199, -10.563478, -25.435814
-10.563478, -25.435814, -9.831169, -26.116786
-20.685607, 9.103367, -21.300259, 8.314569
-28.606240, 14.830144, -29.276393, 14.087921
20.734891, 13.477514, 21.420038, 14.205920
15.033968, 11.096382, 14.450978, 10.283903
-28.241797, 16.485252, -28.747956, 17.347692
37.190833, 5.612323, 36.786106, 5.644619
-21.823427, -21.993931, -22.718521, -21.548055
-21.300259, 8.314569, -22.046196, 7.648552
31.373015, 34.821422, 31.540612, 35.807278
-28.747956, 17.347692, -28.782734, 18.347087
-29.276393, 14.087921, -28.923160, 13.172837
-28.782734, 18.347087, -29.770155, 18.505199
-9.831169, -26.116786, -9.594918, -27.088478
-22.155164, -22.937303, -23.074385, -23.331044
9.694182, 12.511540, 9.977414, 13.082638
-29.276393, 14.087921, -30.210808, 13.731734
26.821588, 33.890583, 25.897432, 34.272598
31.540612, 35.807278, 31.385356, 36.795152
-26.993759, 13.175398, -26.581387, 12.264382
-23.074385, -23.331044, -24.073415, -23.375099
-29.770155, 18.505199, -30.686322, 18.905995
25.897432, 34.272598, 25.023493, 33.786563
31.385356, 36.795152, 31.637624, 37.762809
19.020446, 4.050042, 19.342459, 4.541487
21.420038, 14.205920, 22.367937, 14.524491
-30.686322, 18.905995, -30.821588, 19.896805
-2.106308, -15.548380, -2.115144, -16.095963
35.212737, 8.962724, 34.973343, 8.838714
26.865802, 21.544657, 25.949590, 21.945350
-30.821588, 19.896805, -31.821128, 19.866476
31.637624, 37.762809, 32.334867, 38.479644
-30.821588, 19.896805, -30.293362, 20.745908
-9.594918, -27.088478, -8.704075, -27.542790
-30.293362, 20.745908, -29.636274, 21.499722
-24.073415, -23.375099, -24.167836, -24.370631
-29.636274, 21.499722, -29.396723, 22.470606
-8.472761, -11.462003, -7.761464, -12.164895
-29.396723, 22.470606, -28.559698, 23.017772
-28.559698, 23.017772, -27.968054, 23.823971
25.023493, 33.786563, 24.290563, 34.466867
-27.968054, 23.823971, -27.801321, 24.809973
26.739867, 10.322626, 26.271630, 10.754971
-8.704075, -27.542790, -8.687492, -28.542652
-27.801321, 24.809973, -27.977966, 25.794248
-8.687492, -28.542652, -7.786843, -28.977199
-27.977966, 25.794248, -27.360463, 26.580816
34.418505, 28.956151, 35.408861, 28.817600
19.020446, 4.050042, 19.324888, 3.097511
-30.210808, 13.731734, -30.855958, 12.967679
-8.687492, -28.542652, -9.258811, -29.363381
-7.786843, -28.977199, -6.827970, -29.261034
12.369000, 13.038408, 12.728763, 13.420403
11.370192, 15.841762, 12.231985, 16.349022
-6.827970, -29.261034, -6.247258, -28.446925
-12.537680, -23.178178, -11.972663, -22.353099
31.637624, 37.762809, 30.638140, 37.794921
-30.855958, 12.967679, -31.797570, 12.630978
30.852988, 32.938960, 31.629737, 32.342836
-19.700717, -19.894500, -20.258803, -19.064717
-7.786450, -10.734694, -8.428288, -9.967853
25.023493, 33.786563, 24.307976, 33.087967
31.027500, 26.895534, 30.029048, 26.839925
24.290563, 34.466867, 23.417517, 34.954505
-27.360463, 26.580816, -26.367187, 26.465042
23.417517, 34.954505, 22.590305, 35.516395
29.129035, 13.769240, 28.625838, 13.345652
-31.821128, 19.866476, -32.338311, 19.010601
-27.360463, 26.580816, -27.470126, 27.574785
18.058859, 3.775544, 17.245555, 4.357384
28.625838, 13.345652, 27.657496, 13.096025
-27.470126, 27.574785, -27.071516, 28.491905
-14.168803, -15.980778, -14.587574, -16.134560
-31.797570, 12.630978, -32.476978, 11.897217
-32.338311, 19.010601, -33.323161, 18.837194
-20.258803, -19.064717, -20.525202, -18.100854
-27.071516, 28.491905, -27.589496, 29.347298
-27.589496, 29.347298, -28.223832, 30.120356
-14.990968, -18.787441, -15.841471, -18.261472
22.590305, 35.516395, 21.638008, 35.821566
-20.525202, -18.100854, -21.093419, -17.277975
21.638008, 35.821566, 20.769420, 36.317102
-32.476978, 11.897217, -33.086896, 11.104752
32.334867, 38.479644, 33.305008, 38.722185
-33.323161, 18.837194, -34.320451, 18.763620
-18.552281, 10.195249, -19.222617, 10.937307
-24.167836, -24.370631, -24.047056, -25.363310
-27.589496, 29.347298, -26.819684, 29.985568
-9.258811, -29.363381, -9.839959, -30.177179
-33.086896, 11.104752, -34.080721, 10.993797
-22.155164, -22.937303, -21.368645, -23.554869
-26.819684, 29.985568, -26.128663, 30.708403
-9.839959, -30.177179, -10.369534, -31.025442
-0.236999, 6.802280, 0.416917, 6.045712
-10.563478, -25.435814, -9.807988, -24.780653
-26.128663, 30.708403, -25.832217, 31.663452
19.988619, 14.143155, 19.172750, 14.721391
-34.080721, 10.993797, -34.475272, 10.074923
30.036443, 19.997306, 31.028570, 19.872069
20.769420, 36.317102, 19.792531, 36.530848
-3.828631, -12.230901, -4.819026, -12.369167
-24.047056, -25.363310, -24.249648, -26.342573
26.821588, 33.890583, 26.567743, 33.262588
-25.832217, 31.663452, -24.852116, 31.861952
-10.369534, -31.025442, -10.301375, -32.023116
31.028570, 19.872069, 32.018664, 20.012473
-0.007390, -5.496991, 0.981096, -5.345679
30.638140, 37.794921, 30.219371, 38.703014
-1.594533, -16.407499, -2.234361, -17.176017
19.792531, 36.530848, 18.793562, 36.485445
29.473222, 17.363436, 29.887047, 17.198828
17.245555, 4.357384, 16.928560, 5.305811
-10.931580, -12.829863, -11.201509, -13.004786
-24.852116, 31.861952, -23.885193, 32.117019
18.793562, 36.485445, 17.874908, 36.880507
31.197145, 24.115702, 30.451700, 23.449134
-26.367187, 26.465042, -25.577397, 27.078419
-27.968054, 23.823971, -27.002150, 23.565071
-14.587574, -16.134560, -15.178148, -15.327577
-34.475272, 10.074923, -34.774913, 9.120871
-21.093419, -17.277975, -21.879330, -16.659636
19.172750, 14.721391, 19.227393, 15.719897
0.981096, -5.345679, 1.933136, -5.651650
-23.885193, 32.117019, -23.899593, 33.116915
27.657496, 13.096025, 27.937299, 13.108343
-28.223832, 30.120356, -28.823346, 30.920720
-26.581387, 12.264382, -26.154839, 11.359918
-28.823346, 30.920720, -29.139310, 31.869491
-21.433014, 11.636659, -21.733094, 12.128545
-23.899593, 33.116915, -22.955559, 33.446764
-22.955559, 33.446764, -22.112504, 32.908937
17.874908, 36.880507, 17.031603, 37.417943
-29.139310, 31.869491, -30.046339, 32.290559
0.416917, 6.045712, 0.574185, 5.058156
26.271630, 10.754971, 26.265815, 10.996255
-34.320451, 18.763620, -35.260667, 18.423042
19.172750, 14.721391, 18.647820, 13.870246
-10.301375, -32.023116, -10.611852, -32.973697
-34.774913, 9.120871, -35.693205, 8.724969
20.734891, 13.477514, 20.725075, 13.597136
-13.330366, 7.775222, -12.910045, 8.622268
10.744849, 11.946350, 10.719342, 10.946675
17.031603, 37.417943, 16.182115, 37.945551
-30.046339, 32.290559, -31.045387, 32.246921
-31.045387, 32.246921, -31.059926, 33.246815
-35.693205, 8.724969, -36.682772, 8.580892
-21.879330, -16.659636, -22.725712, -16.127060
29.274730, 19.349391, 29.549815, 19.602029
-10.611852, -32.973697, -11.266976, -33.729219
-36.682772, 8.580892, -36.847187, 7.594501
0.574185, 5.058156, 1.294072, 4.364065
10.786931, 17.696656, 11.286166, 17.783437
-34.774913, 9.120871, -33.988319, 8.503400
27.843453, 21.754891, 27.799840, 22.753939
-28.782734, 18.347087, -28.208659, 19.165890
-10.611852, -32.973697, -11.445356, -32.421184
18.647820, 13.870246, 17.747898, 14.306298
-31.045387, 32.246921, -31.971918, 31.870701
-11.445356, -32.421184, -12.415139, -32.177215
-22.955559, 33.446764, -22.872757, 34.443330
-22.872757, 34.443330, -22.217035, 35.198333
-22.725712, -16.127060, -23.725459, -16.149570
16.182115, 37.945551, 15.414511, 37.304625
-28.241797, 16.485252, -29.192449, 16.174995
31.443187, 23.146443, 32.398158, 22.849742
-22.217035, 35.198333, -21.330607, 35.661199
-3.578958, -6.477985, -3.323210, -6.852523
-23.445873, 16.003662, -24.355165, 16.419820
15.414511, 37.304625, 14.424291, 37.444140
-6.247258, -28.446925, -5.427352, -27.874428
11.286166, 17.783437, 11.417435, 18.774783
-36.847187, 7.594501, -37.643022, 6.988987
-29.396723, 22.470606, -30.238029, 22.330972
-31.971918, 31.870701, -32.008334, 30.973164
-22.112504, 32.908937, -21.140772, 32.672852
-37.643022, 6.988987, -38.124877, 6.112737
-21.330607, 35.661199, -20.478713, 36.184913
-23.725459, -16.149570, -24.656962, -15.785837
32.398158, 22.849742, 32.584582, 22.514584
24.307976, 33.087967, 24.254702, 32.089387
-24.656962, -15.785837, -24.901003, -14.816072
0.969342, 8.387604, 1.310115, 8.593291
32.712335, 27.953133, 32.815528, 28.151388
-31.059926, 33.246815, -31.663284, 34.044286
-31.663284, 34.044286, -32.477642, 34.624648
32.584582, 22.514584, 33.575575, 22.380673
33.575575, 22.380673, 34.575126, 22.410663
-3.007394, -15.114739, -2.610101, -15.046824
-24.249648, -26.342573, -24.444278, -27.323450
-32.477642, 34.624648, -32.898181, 35.531923
-13.175959, -15.861363, -12.360697, -16.229925
10.719342, 10.946675, 10.739613, 9.946880
24.254702, 32.089387, 23.616425, 31.319581
-20.437957, -20.570131, -20.855651, -20.800716
-11.142735, -13.807315, -11.184099, -13.727751
20.769420, 36.317102, 21.062005, 37.273341
-22.217035, 35.198333, -21.620472, 34.395766
-20.478713, 36.184913, -20.056723, 37.091513
30.219371, 38.703014, 29.660483, 39.532257
23.616425, 31.319581, 24.028443, 30.408405
-35.260667, 18.423042, -36.216743, 18.129922
19.877269, 9.678084, 19.270311, 8.883350
-24.901003, -14.816072, -25.898029, -14.739003
-32.898181, 35.531923, -33.459001, 36.359861
14.424291, 37.444140, 13.810555, 38.233652
-24.901003, -14.816072, -24.475890, -13.910932
-22.046196, 7.648552, -22.869890, 7.081517
35.408861, 28.817600, 36.401217, 28.694195
-25.577397, 27.078419, -24.593169, 26.901513
-24.475890, -13.910932, -23.929505, -13.073397
26.567743, 33.262588, 26.893389, 32.317096
-33.459001, 36.359861, -34.217391, 37.011662
11.417435, 18.774783, 11.572860, 19.762631
-25.898029, -14.739003, -26.796345, -15.178352
-33.988319, 8.503400, -33.824683, 7.516879
-34.217391, 37.011662, -34.114046, 38.006307
-36.216743, 18.129922, -36.504411, 17.172192
21.062005, 37.273341, 20.778152, 38.232209
1.294072, 4.364065, 2.103412, 3.776725
29.660483, 39.532257, 29.005685, 40.288061
-21.140772, 32.672852, -20.448934, 31.950798
29.005685, 40.288061, 29.318475, 41.237884
29.318475, 41.237884, 29.985230, 41.983160
16.182115, 37.945551, 16.222984, 38.944715
11.572860, 19.762631, 11.075479, 20.630163
-36.504411, 17.172192, -36.464261, 17.263142
-2.234361, -17.176017, -2.988884, -17.832291
-9.594918, -27.088478, -9.834631, -26.776322
-36.216743, 18.129922, -37.031065, 18.710335
-20.056723, 37.091513, -20.106921, 38.090253
-22.869890, 7.081517, -23.430888, 7.909335
29.473222, 17.363436, 28.500456, 17.131646
-24.852116, 31.861952, -25.168914, 31.971907
-33.824683, 7.516879, -33.645941, 6.532983
-34.217391, 37.011662, -35.111893, 36.564598
-20.448934, 31.950798, -19.468542, 31.753745
-24.444278, -27.323450, -23.554338, -27.779527
-38.124877, 6.112737, -39.075866, 5.803511
-20.106921, 38.090253, -19.166069, 38.429070
-22.870317, 12.585085, -23.614228, 12.677995
29.812417, 9.736217, 30.000294, 9.589560
-37.031065, 18.710335, -38.030492, 18.744201
-35.111893, 36.564598, -35.766111, 35.808292
24.028443, 30.408405, 23.464739, 29.582428
-19.166069, 38.429070, -18.380052, 39.047275
13.810555, 38.233652, 12.909066, 38.666454
36.401217, 28.694195, 37.104260, 29.405343
-34.114046, 38.006307, -33.552224, 38.833565
-36.504411, 17.172192, -35.634246, 16.679433
37.104260, 29.405343, 37.712626, 28.611687
32.018664, 20.012473, 33.014141, 19.917466
-38.030492, 18.744201, -38.007829, 19.743944
-33.086896, 11.104752, -32.267290, 10.531825
12.909066, 38.666454, 12.519676, 37.745381
23.464739, 29.582428, 22.936886, 28.733092
-28.823346, 30.920720, -28.546790, 30.984476
32.712335, 27.953133, 32.450399, 28.025926
-27.002150, 23.565071, -26.011951, 23.425405
-12.332191, 7.714825, -12.252473, 8.230734
19.227393, 15.719897, 18.705764, 16.573070
-35.766111, 35.808292, -36.731883, 36.067684
14.450978, 10.283903, 14.724981, 9.322175
14.724981, 9.322175, 14.587183, 9.296419
-12.910045, 8.622268, -12.706907, 9.601418
-26.796345, -15.178352, -27.796341, -15.181267
12.519676, 37.745381, 11.853519, 36.999570
33.014141, 19.917466, 34.013958, 19.898355
12.909066, 38.666454, 12.216960, 39.388249
-31.059926, 33.246815, -30.365969, 33.966832
-11.266976, -33.729219, -11.679024, -34.640381
9.977414, 13.082638, 9.646712, 14.026373
-3.919061, -2.679659, -3.155963, -2.033376
-23.554338, -27.779527, -23.891746, -28.720886
12.216960, 39.388249, 11.547977, 40.131527
-27.796341, -15.181267, -28.698500, -14.749864
-33.552224, 38.833565, -33.392753, 39.820768
-19.468542, 31.753745, -18.476049, 31.631441
-35.766111, 35.808292, -36.182209, 34.973249
-6.839612, 3.684376, -5.911230, 3.312748
-39.075866, 5.803511, -38.967996, 4.809346
-23.891746, -28.720886, -24.754205, -29.227014
11.075479, 20.630163, 11.880349, 21.223614
-26.011951, 23.425405, -25.018367, 23.538501
1.933136, -5.651650, 2.662187, -6.336109
22.367937, 14.524491, 22.958595, 15.331413
-36.731883, 36.067684, -37.710568, 36.273053
-37.710568, 36.273053, -38.425858, 36.971880
37.712626, 28.611687, 38.691281, 28.406175
-11.679024, -34.640381, -12.096349, -35.549138
23.417517, 34.954505, 24.111633, 35.674368
11.880349, 21.223614, 11.271110, 22.016601
22.958595, 15.331413, 22.776648, 16.314721
-4.819026, -12.369167, -5.198110, -13.294529
-38.967996, 4.809346, -38.774973, 3.828152
-26.367187, 26.465042, -26.550165, 26.242289
-33.392753, 39.820768, -33.494983, 40.815528
-1.603983, -6.467534, -0.819688, -7.087921
16.222984, 38.944715, 16.596321, 39.872411
11.547977, 40.131527, 11.246073, 41.084865
2.103412, 3.776725, 2.878125, 3.144411
-34.320451, 18.763620, -34.197598, 17.771195
-33.645941, 6.532983, -33.027037, 5.747517
-18.476049, 31.631441, -17.662524, 32.212971
-38.425858, 36.971880, -39.173168, 37.636356
-39.173168, 37.636356, -39.110612, 37.207605
-27.470126, 27.574785, -28.463943, 27.685822
-27.977966, 25.794248, -27.400705, 25.952313
-18.380052, 39.047275, -17.389467, 38.910378
20.778152, 38.232209, 19.909035, 38.726815
30.029048, 26.839925, 29.177470, 26.315697
-38.007829, 19.743944, -38.973380, 20.004155
-38.774973, 3.828152, -38.024036, 3.167778
-38.973380, 20.004155, -39.536609, 20.830456
-38.973380, 20.004155, -39.362585, 19.083004
-24.593169, 26.901513, -23.653529, 26.559349
16.596321, 39.872411, 16.288106, 40.823728
-22.112504, 32.908937, -22.275467, 31.922305
-23.430888, 7.909335, -24.224500, 7.300911
-33.027037, 5.747517, -32.515685, 4.888146
-39.075866, 5.803511, -39.856885, 6.428019
24.111633, 35.674368, 24.956041, 36.210068
-32.515685, 4.888146, -31.516416, 4.926383
-17.389467, 38.910378, -16.406517, 39.094252
11.853519, 36.999570, 10.860601, 36.880764
-12.096349, -35.549138, -12.717860, -36.332544
29.549815, 19.602029, 29.771256, 19.491133
-30.210808, 13.731734, -30.360457, 13.287597
-12.717860, -36.332544, -13.696993, -36.535764
-5.427352, -27.874428, -4.436727, -27.737814
-18.476049, 31.631441, -18.609630, 30.640403
2.662187, -6.336109, 3.434350, -6.971534
-16.406517, 39.094252, -15.460442, 39.418201
-39.536609, 20.830456, -39.404150, 21.821645
-28.698500, -14.749864, -29.106378, -13.836828
-38.774973, 3.828152, -39.459107, 3.098795
16.288106, 40.823728, 16.884871, 41.626144
-24.754205, -29.227014, -24.766504, -30.226938
-15.460442, 39.418201, -14.483147, 39.630085
22.936886, 28.733092, 22.230866, 28.024900
-29.106378, -13.836828, -29.398496, -12.880445
10.860601, 36.880764, 11.052039, 35.899259
3.434350, -6.971534, 3.973091, -7.814006
21.420038, 14.205920, 21.831237, 13.536957
3.973091, -7.814006, 4.838984, -8.314234
-15.178148, -15.327577, -15.454655, -14.366565
-0.007390, -5.496991, 0.276780, -5.992721
-24.766504, -30.226938, -24.561510, -31.205701
-24.561510, -31.205701, -25.052811, -32.076691
-34.475272, 10.074923, -34.788058, 10.449093
4.838984, -8.314234, 5.600548, -8.962324
-24.593169, 26.901513, -24.173086, 27.245324
5.600548, -8.962324, 6.471733, -9.453280
-25.052811, -32.076691, -24.888471, -33.063094
6.471733, -9.453280, 7.075929, -10.250115
-2.106308, -15.548380, -1.458949, -15.693846
-24.888471, -33.063094, -25.865626, -33.275621
11.271110, 22.016601, 11.511316, 22.987323
-4.436727, -27.737814, -4.192871, -26.768003
7.075929, -10.250115, 7.968261, -10.701494
-14.483147, 39.630085, -13.506345, 39.844228
-25.865626, -33.275621, -26.704095, -33.820570
-5.911230, 3.312748, -4.968148, 2.980189
-33.494983, 40.815528, -32.576883, 41.211875
7.968261, -10.701494, 8.478479, -11.561539
-39.856885, 6.428019, -40.746360, 6.885002
-9.807988, -24.780653, -10.043383, -23.808754
29.093664, 12.769866, 30.012885, 12.376124
-39.404150, 21.821645, -39.892297, 22.694407
-24.224500, 7.300911, -25.024619, 6.701069
22.230866, 28.024900, 22.233261, 27.423636
-17.662524, 32.212971, -18.165885, 33.077047
-4.968148, 2.980189, -4.090302, 2.501246
-23.430888, 7.909335, -24.071527, 8.677177
22.936886, 28.733092, 23.783280, 28.200534
-40.746360, 6.885002, -41.745822, 6.917805
22.233261, 27.423636, 22.293343, 26.425443
8.478479, -11.561539, 9.390444, -11.971808
9.390444, -11.971808, 10.089211, -12.687157
-12.360697, -16.229925, -11.369136, -16.359568
-32.576883, 41.211875, -31.791970, 41.831482
-33.392753, 39.820768, -32.451374, 39.483416
-31.791970, 41.831482, -31.592593, 42.811405
-13.696993, -36.535764, -13.911196, -37.512553
-26.704095, -33.820570, -26.358792, -34.759062
-12.706907, 9.601418, -12.005959, 10.314631
2.878125, 3.144411, 3.123182, 2.284810
-24.697342, 13.814611, -25.091294, 14.621703
8.478479, -11.561539, 8.167518, -12.511961
-29.398496, -12.880445, -29.094956, -11.927627
-39.459107, 3.098795, -39.523477, 2.100869
10.089211, -12.687157, 10.820469, -13.369258
10.820469, -13.369258, 11.674115, -13.890111
-39.523477, 2.100869, -40.509323, 1.933214
-22.725712, -16.127060, -22.916218, -16.696178
-29.398496, -12.880445, -30.370692, -13.114614
11.674115, -13.890111, 12.653593, -14.091661
12.653593, -14.091661, 13.366148, -14.793278
-13.911196, -37.512553, -14.815478, -37.939491
-26.358792, -34.759062, -27.206736, -35.289148
-13.506345, 39.844228, -12.593254, 40.251984
27.799840, 22.753939, 28.523798, 23.047437
3.434350, -6.971534, 4.200419, -6.328776
28.523798, 23.047437, 28.611828, 23.577836
-28.463943, 27.685822, -29.301012, 27.138726
-27.796341, -15.181267, -27.557070, -16.140754
-26.358792, -34.759062, -25.815181, -35.598398
13.366148, -14.793278, 14.140271, -15.426313
14.140271, -15.426313, 14.872872, -16.106972
-30.370692, -13.114614, -31.288151, -12.716784
-12.593254, 40.251984, -11.596066, 40.177044
14.872872, -16.106972, 14.650588, -17.081954
27.843453, 21.754891, 27.686054, 20.972547
-5.055504, -7.733276, -5.016633, -7.705834
14.650588, -17.081954, 14.752100, -18.076788
-39.892297, 22.694407, -39.266562, 23.474442
-39.892297, 22.694407, -40.889324, 22.771461
-5.016633, -7.705834, -5.507015, -6.834327
-34.080721, 10.993797, -34.429313, 11.931072
22.936886, 28.733092, 22.592737, 29.433840
-4.090302, 2.501246, -3.551688, 1.658693
-12.593254, 40.251984, -12.614454, 41.251759
14.752100, -18.076788, 15.001103, -19.045291
-41.745822, 6.917805, -42.720745, 7.140344
-40.889324, 22.771461, -41.799297, 22.356794
40.117098, 5.803064, 40.160871, 6.193829
-20.525202, -18.100854, -19.628441, -17.658339
-15.329254, -22.942715, -16.080634, -22.941979
-22.431777, 11.686373, -22.009593, 10.912821
-19.628441, -17.658339, -19.015468, -17.958026
-9.834631, -26.776322, -10.716500, -27.247817
15.001103, -19.045291, 15.670800, -19.787925
-22.872757, 34.443330, -23.677880, 35.036437
-32.477642, 34.624648, -33.094935, 34.715929
0.416917, 6.045712, 1.383500, 5.789357
11.052039, 35.899259, 10.421702, 35.122937
-27.206736, -35.289148, -28.084015, -35.769129
12.231985, 16.349022, 13.042887, 16.934204
-24.173086, 27.245324, -24.002287, 28.230630
-31.516416, 4.926383, -31.414545, 3.931585
15.670800, -19.787925, 16.608812, -20.134528
-31.288151, -12.716784, -32.221829, -12.358671
-14.815478, -37.939491, -15.386633, -38.760333
-39.110612, 37.207605, -39.916060, 36.614940
16.608812, -20.134528, 17.507860, -20.572378
-32.221829, -12.358671, -32.326380, -11.364152
17.507860, -20.572378, 18.336319, -21.132428
-25.024619, 6.701069, -25.134469, 5.707121
29.955360, 31.499494, 29.371467, 31.310625
-11.596066, 40.177044, -11.188332, 39.263944
-32.451374, 39.483416, -31.479077, 39.249669
-36.182209, 34.973249, -35.712364, 34.090500
11.674115, -13.890111, 11.093445, -14.704250
18.336319, -21.132428, 19.092050, -21.787310
22.776648, 16.314721, 22.395769, 16.132996
19.092050, -21.787310, 19.716877, -22.568073
19.716877, -22.568073, 19.475955, -23.538618
-28.084015, -35.769129, -29.033680, -36.082394
-38.425858, 36.971880, -37.703341, 37.015884
-32.267290, 10.531825, -31.393858, 10.044878
-12.614454, 41.251759, -12.478269, 42.242443
19.092050, -21.787310, 19.882820, -21.175196
31.385356, 36.795152, 31.948701, 36.891057
-12.478269, 42.242443, -11.743999, 42.921300
16.884871, 41.626144, 17.433340, 42.462314
-31.414545, 3.931585, -30.805437, 4.492567
-26.581387, 12.264382, -26.922836, 11.852919
19.475955, -23.538618, 19.451329, -24.538314
19.451329, -24.538314, 19.769313, -25.486410
19.769313, -25.486410, 19.480257, -26.443722
2.878125, 3.144411, 3.572892, 3.863646
19.716877, -22.568073, 20.228753, -22.786600
-11.188332, 39.263944, -10.189262, 39.220830
19.882820, -21.175196, 20.865069, -20.987613
19.324888, 3.097511, 18.852051, 2.216361
-16.406517, 39.094252, -16.187493, 38.118532
-10.189262, 39.220830, -9.190271, 39.175903
10.421702, 35.122937, 9.643724, 34.494645
2.662187, -6.336109, 2.034284, -7.114400
-10.301375, -32.023116, -10.435394, -32.481589
19.480257, -26.443722, 18.500182, -26.642351
-15.386633, -38.760333, -15.355393, -39.759845
-27.801321, 24.809973, -27.586147, 24.980446
19.480257, -26.443722, 20.412035, -26.806752
17.433340, 42.462314, 16.584777, 42.991408
-39.916060, 36.614940, -40.727702, 37.199096
9.643724, 34.494645, 8.737678, 34.917823
11.511316, 22.987323, 12.507360, 23.076180
-41.745822, 6.917805, -42.187361, 6.634257
19.480257, -26.443722, 19.007561, -26.549585
-40.509323, 1.933214, -40.372913, 0.942562
18.500182, -26.642351, 17.778364, -25.950269
-23.899593, 33.116915, -24.525396, 33.278318
20.865069, -20.987613, 21.847707, -20.802083
-15.386633, -38.760333, -16.380812, -38.868070
18.500182, -26.642351, 18.443290, -27.640732
-32.326380, -11.364152, -32.531218, -10.385356
30.310735, 14.559704, 31.259468, 14.875782
-42.720745, 7.140344, -43.565333, 7.675762
-11.369136, -16.359568, -10.642624, -17.046722
32.995264, 9.617378, 32.687894, 9.386293
-24.355165, 16.419820, -24.731172, 17.346437
30.029048, 26.839925, 29.781374, 27.771702
27.627225, 35.115962, 28.620454, 35.232136
18.443290, -27.640732, 17.790546, -28.398310
-41.799297, 22.356794, -42.738100, 22.012340
-22.009593, 10.912821, -21.954873, 9.914319
-13.911196, -37.512553, -13.698759, -38.199097
-8.850935, 7.497178, -9.333960, 8.207971
14.587183, 9.296419, 14.218883, 8.366712
17.790546, -28.398310, 17.235276, -29.229980
16.596321, 39.872411, 17.312549, 39.931550
-23.929505, -13.073397, -22.930782, -13.123917
17.235276, -29.229980, 16.462407, -29.864545
16.462407, -29.864545, 17.005088, -30.704484
19.909035, 38.726815, 19.979860, 38.319089
21.847707, -20.802083, 22.847576, -20.818293
-26.011951, 23.425405, -25.807165, 22.446598
17.005088, -30.704484, 16.242577, -31.351459
8.167518, -12.511961, 7.375567, -13.122547
-26.128663, 30.708403, -25.514515, 29.919211
16.242577, -31.351459, 16.250435, -32.351428
-40.727702, 37.199096, -41.635135, 36.778898
3.123182, 2.284810, 4.088600, 2.024101
11.547977, 40.131527, 10.850402, 39.415015
-23.653529, 26.559349, -23.631342, 25.639696
-10.043383, -23.808754, -9.065407, -23.600036
-35.634246, 16.679433, -35.473401, 15.692454
29.781374, 27.771702, 29.762851, 28.630588
-38.007829, 19.743944, -37.423602, 20.555535
20.412035, -26.806752, 21.221023, -27.394578
23.417517, 34.954505, 23.845753, 35.057225
22.847576, -20.818293, 23.844249, -20.899788
31.540612, 35.807278, 30.542482, 35.746155
22.293343, 26.425443, 22.096994, 25.444909
-42.738100, 22.012340, -42.634632, 21.017707
12.507360, 23.076180, 13.030368, 23.928507
14.140271, -15.426313, 14.844563, -14.716403
-40.372913, 0.942562, -41.036155, 0.194158
31.948701, 36.891057, 32.853385, 36.464973
23.844249, -20.899788, 24.794988, -21.209782
-22.275467, 31.922305, -21.909975, 30.991491
16.250435, -32.351428, 15.526038, -33.040811
16.462407, -29.864545, 15.481284, -29.671158
-32.531218, -10.385356, -32.974796, -9.489120
-32.008334, 30.973164, -31.867422, 29.983142
-41.036155, 0.194158, -41.589434, -0.638839
-39.266562, 23.474442, -39.367523, 24.469333
-40.372913, 0.942562, -39.451315, 0.554415
-31.592593, 42.811405, -31.563946, 43.810994
-1.458949, -15.693846, -0.699776, -15.042958
-41.635135, 36.778898, -41.586498, 35.780082
21.221023, -27.394578, 22.192599, -27.631305
34.246017, 8.706885, 33.466686, 8.080273
22.192599, -27.631305, 23.015192, -28.199935
16.584777, 42.991408, 15.973820, 43.783072
-25.815181, -35.598398, -25.765797, -36.597178
-8.428288, -9.967853, -7.830055, -9.166531
-4.819026, -12.369167, -5.669459, -11.843084
-29.301012, 27.138726, -30.283872, 27.323078
24.794988, -21.209782, 25.785318, -21.348515
-29.636274, 21.499722, -28.651680, 21.324869
23.015192, -28.199935, 23.767889, -28.858302
-39.451315, 0.554415, -38.549482, 0.122331
-32.326380, -11.364152, -32.356902, -11.182778
25.785318, -21.348515, 26.718927, -21.706809
31.629737, 32.342836, 32.612808, 32.526059
-34.788058, 10.449093, -35.760610, 10.216407
-43.565333, 7.675762, -44.338242, 7.041245
26.718927, -21.706809, 27.699194, -21.904485
-17.662524, 32.212971, -16.867853, 31.605930
-9.190271, 39.175903, -8.677240, 38.317533
-15.355393, -39.759845, -14.599850, -40.414943
-32.974796, -9.489120, -32.259524, -8.790273
-14.815478, -37.939491, -15.449198, -37.165929
-11.743999, 42.921300, -11.284200, 43.809323
-32.974796, -9.489120, -33.809757, -8.938811
23.767889, -28.858302, 24.572316, -29.452353
-11.284200, 43.809323, -10.329634, 44.107321
-41.589434, -0.638839, -42.537411, -0.957176
31.629737, 32.342836, 32.030458, 31.426636
9.643724, 34.494645, 9.335276, 33.543404
19.227393, 15.719897, 18.895044, 16.068389
-42.738100, 22.012340, -43.731291, 22.128841
-8.677240, 38.317533, -8.317274, 37.384568
-10.329634, 44.107321, -9.385646, 43.777341
-14.599850, -40.414943, -14.972409, -41.342951
17.507860, -20.572378, 17.949024, -19.674952
1.294072, 4.364065, 1.367283, 4.928673
-16.867853, 31.605930, -16.076331, 32.217071
-44.338242, 7.041245, -44.996488, 7.794048
-24.888471, -33.063094, -24.133545, -33.718904
27.699194, -21.904485, 28.533246, -22.456170
24.572316, -29.452353, 25.030731, -30.341092
28.533246, -22.456170, 29.480303, -22.777235
32.995264, 9.617378, 32.748734, 9.759391
29.480303, -22.777235, 29.736111, -21.810507
-31.797570, 12.630978, -32.467942, 12.985757
29.736111, -21.810507, 30.479930, -21.142126
18.705764, 16.573070, 18.850963, 17.562473
15.481284, -29.671158, 14.753857, -28.984973
-0.699776, -15.042958, 0.101401, -14.444529
-33.809757, -8.938811, -33.843003, -7.939364
25.030731, -30.341092, 25.857719, -30.903312
0.981096, -5.345679, 1.007254, -4.346021
-26.011951, 23.425405, -26.120631, 24.419481
-33.843003, -7.939364, -33.958780, -6.946089
-25.765797, -36.597178, -24.767039, -36.547370
-9.190271, 39.175903, -8.885447, 40.128311
-3.512147, -13.179499, -3.594810, -13.607466
-43.731291, 22.128841, -44.724126, 22.009347
-39.362585, 19.083004, -39.513799, 18.094503
-43.731291, 22.128841, -43.456140, 23.090242
21.410972, 6.985428, 22.292560, 6.513409
34.575126, 22.410663, 34.794177, 23.386376
-9.385646, 43.777341, -8.400165, 43.947127
25.857719, -30.903312, 26.811441, -31.204000
-36.682772, 8.580892, -37.624507, 8.917246
-44.724126, 22.009347, -45.221147, 22.877085
14.218883, 8.366712, 13.646687, 7.546595
-24.002287, 28.230630, -23.018617, 28.410608
-10.329634, 44.107321, -10.446310, 45.100491
-20.106921, 38.090253, -20.785629, 38.824661
-30.686322, 18.905995, -30.942478, 17.939360
-11.883771, -23.934751, -12.457323, -24.742817
-22.725712, -16.127060, -22.264671, -16.089490
16.928560, 5.305811, 17.097850, 5.807635
13.030368, 23.928507, 12.839337, 24.910091
-43.456140, 23.090242, -43.437783, 24.090074
-23.885193, 32.117019, -23.446008, 31.475708
26.811441, -31.204000, 27.809289, -31.269571
-34.114046, 38.006307, -35.113981, 37.994891
30.479930, -21.142126, 31.038669, -20.312782
22.096994, 25.444909, 22.322304, 24.470622
33.492444, 28.578777, 33.572561, 28.186259
-21.140772, 32.672852, -21.161184, 32.573688
11.093445, -14.704250, 10.123954, -14.949376
14.650588, -17.081954, 13.757971, -16.631138
9.646712, 14.026373, 9.852364, 14.281863
7.075929, -10.250115, 6.219104, -10.765722
-11.142735, -13.807315, -11.105667, -14.091202
27.809289, -31.269571, 28.120970, -32.219758
-23.929505, -13.073397, -23.846686, -12.076833
-44.996488, 7.794048, -45.587946, 8.600384
31.038669, -20.312782, 31.966630, -19.940105
6.219104, -10.765722, 5.223033, -10.854280
38.691281, 28.406175, 39.588155, 27.963888
28.120970, -32.219758, 29.110673, -32.362896
-8.850935, 7.497178, -7.929959, 7.886797
-32.338311, 19.010601, -32.030189, 18.793759
29.110673, -32.362896, 29.497268, -33.285145
-25.514515, 29.919211, -24.805529, 30.004792
-31.563946, 43.810994, -30.986985, 44.627766
12.048620, 11.783689, 12.536418, 12.017391
-44.724126, 22.009347, -45.049196, 21.063657
-11.188332, 39.263944, -11.518610, 38.320060
8.737678, 34.917823, 8.462343, 35.879171
31.966630, -19.940105, 32.806284, -19.396984
-43.437783, 24.090074, -42.598863, 24.634328
10.739613, 9.946880, 9.739660, 9.937174
-5.236419, -8.716775, -6.203559, -8.462531
29.497268, -33.285145, 28.991280, -34.147686
-12.910045, 8.622268, -12.644804, 8.555433
-33.552224, 38.833565, -32.725795, 38.270524
10.421702, 35.122937, 11.246443, 34.557427
-42.537411, -0.957176, -43.370764, -1.509918
-42.634632, 21.017707, -43.018073, 20.094142
-11.679024, -34.640381, -12.651748, -34.408415
-10.189262, 39.220830, -10.632855, 39.109078
31.814913, 27.511960, 31.887670, 27.791379
33.575575, 22.380673, 33.808349, 22.923758
16.250435, -32.351428, 17.066907, -32.928812
-20.685607, 9.103367, -19.993841, 8.381244
8.737678, 34.917823, 7.781288, 34.625728
-12.415139, -32.177215, -13.412454, -32.103977
-39.856885, 6.428019, -39.249422, 7.222367
-5.236419, -8.716775, -4.236633, -8.737455
-8.317274, 37.384568, -8.412334, 36.389097
10.421702, 35.122937, 10.038089, 34.902013
-8.412334, 36.389097, -9.362838, 36.078383
21.922584, 11.443140, 22.203250, 11.470999
28.991280, -34.147686, 29.657405, -34.893526
29.657405, -34.893526, 30.593188, -35.246102
32.815528, 28.151388, 32.715607, 28.422748
-24.475890, -13.910932, -23.520939, -14.207696
20.865069, -20.987613, 21.186366, -20.751987
-43.370764, -1.509918, -43.827000, -2.399777
-32.259524, -8.790273, -31.446451, -8.208111
28.611828, 23.577836, 28.178665, 23.693429
4.688426, 7.683109, 5.546748, 7.953746
-8.412334, 36.389097, -7.464750, 36.069590
30.593188, -35.246102, 30.175265, -36.154585
-33.958780, -6.946089, -34.944130, -7.116632
-33.958780, -6.946089, -33.318400, -6.178030
-7.464750, 36.069590, -7.015942, 35.175962
-20.685607, 9.103367, -20.781378, 9.521457
32.806284, -19.396984, 33.350280, -20.236072
-34.429313, 11.931072, -35.426414, 11.854988
11.246443, 34.557427, 12.084535, 34.011897
-29.301012, 27.138726, -29.679777, 26.213233
29.177470, 26.315697, 29.700734, 25.707067
33.350280, -20.236072, 34.193105, -20.774260
30.593188, -35.246102, 31.509708, -35.646090
34.193105, -20.774260, 35.193093, -20.779126
15.670800, -19.787925, 14.940782, -20.471353
31.038669, -20.312782, 30.255479, -19.690999
-11.518610, 38.320060, -11.509489, 37.320101
-3.578958, -6.477985, -3.401971, -5.930885
-25.815181, -35.598398, -25.384867, -35.209313
31.509708, -35.646090, 31.973560, -36.532003
35.193093, -20.779126, 35.516006, -21.725554
-24.133545, -33.718904, -23.890972, -34.689038
17.066907, -32.928812, 18.001541, -33.284423
-7.015942, 35.175962, -6.921537, 34.180428
-1.594533, -16.407499, -1.756152, -16.224492
15.414511, 37.304625, 15.769673, 36.760731
8.462343, 35.879171, 7.773927, 36.604487
12.507360, 23.076180, 13.435321, 22.703502
-25.514515, 29.919211, -25.900537, 29.739702
-31.446451, -8.208111, -30.682279, -7.563099
16.608812, -20.134528, 16.964754, -19.200020
11.246073, 41.084865, 11.952348, 41.792804
-32.467942, 12.985757, -33.145241, 13.721465
-41.635135, 36.778898, -42.546385, 37.190751
-30.210808, 13.731734, -30.833087, 14.514530
35.516006, -21.725554, 36.373808, -22.239535
-39.367523, 24.469333, -38.722298, 25.233325
-13.412454, -32.103977, -13.561226, -31.115105
25.965040, 9.223072, 25.031879, 9.358920
24.844856, 10.629471, 24.963308, 10.273667
36.598616, 7.087949, 37.316729, 7.783875
-42.546385, 37.190751, -43.301620, 36.535297
-31.592593, 42.811405, -30.671005, 42.423235
-25.091294, 14.621703, -24.763198, 15.373789
-8.978102, 6.505297, -8.910465, 5.507587
-31.867422, 29.983142, -31.846833, 28.983354
21.420038, 14.205920, 21.623402, 14.338137
36.373808, -22.239535, 37.359365, -22.408879
-6.921537, 34.180428, -5.936882, 34.005917
-45.049196, 21.063657, -46.049159, 21.072265
-8.428288, -9.967853, -9.253866, -10.532141
31.973560, -36.532003, 32.749684, -37.162583
-5.936882, 34.005917, -5.631544, 33.053673
-45.587946, 8.600384, -45.756963, 9.585997
-43.827000, -2.399777, -44.361582, -3.244893
32.749684, -37.162583, 33.696857, -37.483305
33.696857, -37.483305, 34.667551, -37.723624
32.806284, -19.396984, 32.760194, -18.398047
-42.738100, 22.012340, -42.737694, 22.113857
17.066907, -32.928812, 16.472993, -33.722580
18.793562, 36.485445, 18.964340, 35.500136
-9.253866, -10.532141, -9.071420, -10.536625
-28.084015, -35.769129, -27.748167, -35.351268
7.968261, -10.701494, 8.716518, -10.038085
-39.513799, 18.094503, -40.381858, 17.598043
31.197145, 24.115702, 31.517528, 24.479024
-46.049159, 21.072265, -47.034704, 20.902849
-4.192871, -26.768003, -4.521954, -25.823702
34.667551, -37.723624, 34.878384, -38.701146
-22.264671, -16.089490, -21.419095, -15.555635
-15.355393, -39.759845, -15.591446, -40.213105
-10.329634, 44.107321, -10.410646, 43.475701
-5.507015, -6.834327, -5.915312, -7.493596
-31.516416, 4.926383, -31.108288, 5.839307
-45.756963, 9.585997, -46.515916, 9.826182
-44.361582, -3.244893, -45.231208, -2.751182
34.878384, -38.701146, 35.553166, -39.439163
-40.746360, 6.885002, -41.171938, 6.802010
2.622946, 9.031952, 2.344675, 8.895846
-34.944130, -7.116632, -35.943978, -7.134088
