30.000000, 40.000000
26.729872, 37.791631
25.046301, 40.336221
22.528480, 41.279263
22.519037, 46.176119
22.659290, 40.898181
22.294519, 46.601620
22.821021, 40.875681
21.216117, 46.200008
17.208732, 49.189665
30.000000, 40.000000
24.309864, 40.835993
23.278659, 41.249669
23.162558, 40.967784
22.940279, 41.222684
22.658424, 46.164722
12.492560, 47.908975
21.602557, 39.044441
18.005379, 37.556734
17.432743, 39.774999
22.598116, 38.011290
24.210111, 41.367655
15.590975, 37.049158
15.869434, 31.557940
29.981129, 38.569279
15.997200, 26.641304
20.691036, 27.591268
20.708943, 26.377606
16.680842, 24.268468
15.795390, 21.258312
13.234195, 27.502921
10.719071, 28.860721
31.621557, 36.855206
32.856757, 39.793659
34.749948, 36.341927
37.061082, 31.382551
41.784152, 29.931785
23.760311, 30.750600
29.591847, 43.301467
24.950578, 30.109736
23.741161, 30.301916
24.222925, 30.332128
14.508376, 24.995380
32.009854, 39.112955
41.761214, 29.586896
42.475984, 29.952865
29.295943, 32.406369
25.223900, 29.267605
17.205797, 49.824075
33.364729, 34.449630
37.412329, 31.384038
31.763788, 44.917963
14.892870, 31.928135
18.352173, 33.109743
30.103945, 29.141192
17.233687, 49.239025
30.130642, 28.838997
19.597061, 41.396157
23.371600, 31.761305
29.363854, 33.173460
23.167728, 34.363449
31.970430, 24.301016
24.792142, 29.551827
29.398400, 22.366701
29.846710, 24.772554
30.947430, 26.495281
24.960942, 24.828532
36.479690, 34.121253
16.727429, 34.618556
31.335852, 26.436327
30.075063, 24.555243
30.982163, 26.953841
30.075063, 24.555243
14.508376, 24.995380
24.056432, 39.651746
30.075063, 24.555243
30.000000, 40.000000
42.041443, 29.583236
15.584871, 31.944046
28.916792, 25.082220
23.072687, 34.397208
27.062314, 23.100773
31.398222, 26.225615
27.088777, 23.268848
29.717891, 24.860390
28.119187, 24.864652
29.697032, 49.423536
25.345944, 25.772801
30.075063, 24.555243
27.901927, 24.713306
30.075063, 24.555243
25.855882, 25.027246
28.192123, 25.554906
26.522269, 30.148518
27.165549, 23.579763
31.211419, 25.938558
30.075063, 24.555243
28.263330, 24.939789
30.075063, 24.555243
25.610270, 25.708565
24.241707, 42.617143
30.451501, 26.701032
22.900651, 33.639752
30.494633, 27.273389
17.982481, 50.139944
30.164608, 24.664248
26.314529, 48.762026
30.075063, 24.555243
30.075063, 24.555243
33.967785, 25.274598
30.075063, 24.555243
17.220078, 35.438404
36.579862, 29.031418
25.837127, 26.711430
29.711349, 24.864340
25.775450, 38.648284
27.188786, 23.651470
29.982207, 27.608202
36.549139, 24.365893
34.538678, 32.875412
30.494568, 27.198235
30.075063, 24.555243
23.543111, 33.623171
34.620130, 23.129738
22.876292, 46.388751
30.498739, 27.234645
32.446075, 50.487660
36.326375, 53.788065
33.189621, 42.567978
33.672098, 22.955177
39.488370, 25.773106
31.400814, 25.200784
28.420571, 25.001659
32.485731, 24.839063
28.868560, 25.081444
38.861320, 33.447076
17.220078, 35.438404
27.958444, 34.545088
30.019049, 27.539808
38.295342, 29.119064
35.175415, 27.668338
29.532194, 24.956177
34.757308, 33.902511
27.070647, 23.160930
28.991228, 47.766522
32.193504, 23.912818
28.398360, 47.810411
33.956200, 27.820925
25.033482, 38.437860
33.995203, 26.869559
40.179974, 57.172807
28.752665, 25.073516
18.212935, 27.257875
33.877300, 27.899132
34.481312, 25.618792
33.307217, 25.601675
29.867116, 50.075598
18.288823, 27.213210
13.915890, 31.835668
28.355601, 24.978456
27.305623, 23.939106
11.960211, 24.437393
7.627427, 27.374606
6.490093, 25.229682
30.075063, 24.555243
8.722122, 25.744938
34.980733, 28.035415
8.597235, 20.517354
11.498326, 23.130593
9.128630, 25.013095
8.587778, 23.437048
30.773966, 25.406035
18.260362, 50.430780
30.496923, 27.267333
8.900668, 23.790101
30.075063, 24.555243
8.301920, 23.225473
37.765684, 44.979009
18.453061, 33.479325
31.052446, 26.677350
7.884466, 23.019584
27.175332, 23.610769
35.306260, 30.278606
8.722122, 25.744938
27.335546, 27.378670
37.005479, 49.615719
8.722122, 25.744938
8.722122, 25.744938
32.176343, 23.541453
30.883574, 26.931473
30.413565, 33.675564
36.937784, 28.379723
34.843882, 25.409889
11.352003, 25.974584
32.213763, 27.848952
9.698706, 24.578299
30.006096, 25.960350
8.722122, 25.744938
27.145266, 23.510971
10.827811, 23.484113
27.153827, 23.540858
22.921984, 52.163958
8.722122, 25.744938
30.075063, 24.555243
24.731877, 35.628430
8.917545, 25.882904
31.063663, 24.735088
29.945284, 38.516208
34.843882, 25.409889
35.165468, 26.019206
7.107770, 22.849790
8.722122, 25.744938
8.926996, 23.830663
28.744501, 25.072633
4.381886, 22.272815
1.693122, 18.209601
39.337791, 49.829694
27.467522, 24.226998
31.048711, 26.670874
37.162192, 49.620074
21.076755, 24.694117
2.975358, 12.912225
35.309154, 27.485567
29.695232, 47.757827
30.250648, 24.768987
27.147925, 23.520383
2.844308, 12.856844
1.579717, 13.124183
30.008145, 24.629317
35.240778, 27.904310
0.802457, 10.570672
2.521716, 13.242408
6.247577, 23.602100
26.105754, 22.807704
35.292793, 30.711048
2.277234, 8.420387
-0.413429, 3.858748
1.188221, -1.254985
6.265949, -1.029087
-0.513043, -1.227350
6.199862, -2.803618
11.255582, -4.808415
6.582728, 25.291826
20.475836, 39.144388
2.810549, 12.795412
15.817729, -7.006153
18.176902, -12.127412
2.911401, 13.327828
4.617370, 23.819966
18.675640, -11.137812
13.739100, 26.577792
5.487591, 18.758951
20.560752, -15.781323
6.583267, 19.185583
22.665237, -21.081381
22.625795, 41.442351
20.357265, -26.104448
11.180700, -5.277732
15.691324, -28.732403
30.075063, 24.555243
20.751890, -25.565588
33.546875, 25.899366
-1.395041, -1.647538
16.682766, -28.693880
15.608321, -27.909593
4.862925, 18.733417
21.274359, -25.862697
11.885550, -24.607605
26.427602, 27.630861
4.258398, 18.492362
12.464385, -19.324336
-5.221018, -5.468375
-9.596450, -8.290760
-14.884777, -7.604990
21.601635, -26.242160
12.049266, -19.164527
6.918094, 19.515658
5.734975, 18.479892
15.556051, 26.170037
3.801514, -0.386805
21.208690, -26.346295
18.922180, 34.159323
10.862049, -19.527654
36.176441, 54.354105
21.863234, -31.807667
6.994557, 19.512271
22.700346, -20.365615
30.767529, 24.511323
31.918772, 32.985119
17.872806, -11.682215
0.665862, -1.461795
-0.873050, -1.296928
20.328547, -25.792409
19.544893, -36.487000
20.307155, -25.953053
1.997879, 19.675668
6.304947, 19.242209
1.981258, 22.368420
-14.520990, -7.216671
19.920597, -16.597218
20.940152, -26.169181
-0.144392, 21.513578
1.843066, 20.373774
2.392759, 16.789452
18.539382, -42.017976
12.476147, -19.681562
20.989842, -25.663307
20.157686, -36.596981
3.970004, 18.297954
1.834132, 20.126926
20.142089, -25.670678
19.122314, -36.392601
19.741096, -36.912867
30.476014, 24.020206
1.157266, 19.042025
22.642486, -39.908723
20.097602, -36.928456
0.254052, 16.325814
38.999412, 30.679711
3.974712, 18.376334
3.335577, 18.585835
22.448658, -37.626002
21.453815, -25.663664
-1.213296, 19.274479
16.505491, -4.337286
25.002730, -35.307749
22.448658, -37.626002
33.590844, 25.411604
20.992724, -25.125798
-2.737256, 18.111256
2.250877, 20.319257
10.664968, -19.623477
-14.428005, -7.258444
12.072016, -19.235958
24.348774, -37.674628
12.602383, -19.353839
23.198644, -20.852874
1.886525, 18.592824
-1.655461, -1.122422
-4.017485, -0.340455
17.570844, -11.740644
-6.317070, 21.254842
33.152941, 31.978278
27.854706, 50.035802
-0.615351, 0.936821
11.614492, -19.068739
-4.385797, 24.486393
11.692211, -19.379753
-3.865366, 25.334236
8.722122, 25.744938
16.730837, -17.096440
-3.950950, 25.501134
22.513379, -26.102070
33.376531, 27.459454
-6.035534, 20.590381
26.224028, -30.047348
-14.384364, -7.108889
-0.638850, 2.951415
-4.345438, 23.838530
12.004713, -19.366133
34.843882, 25.409889
-0.891808, 26.933088
25.059242, -39.004585
15.161712, -12.206456
15.033005, -9.303733
14.812234, -39.497990
-4.974200, 25.521188
-6.923536, 25.849520
-5.852074, 25.545258
26.748567, 37.451535
27.796708, -39.835769
-9.482944, 22.946369
-11.227996, 19.913344
-13.410836, 15.514753
23.957308, -19.702697
24.466641, -24.966927
8.722122, 25.744938
-15.025987, -6.982002
14.269953, -19.739414
18.576831, -35.706960
32.201486, 23.976174
25.766718, -19.602752
10.376774, -5.551389
26.644027, -14.043859
27.768450, -8.427260
27.352974, -37.575309
31.651548, -5.162024
13.838835, 25.571709
-9.462925, 26.798774
-8.031576, 28.587643
30.946064, 24.272754
31.253491, 22.909789
-14.844811, -7.476208
27.345605, -37.582063
12.444850, 25.096789
29.136590, 27.752467
11.381529, -10.503342
36.742834, -3.759896
12.581026, -19.823019
23.510030, -25.604455
-1.643656, 0.814480
-10.755398, 31.954715
41.288774, -7.014475
-12.869750, 15.349656
9.115737, -15.644316
12.538450, -19.178801
13.958628, 23.928759
22.500966, -25.874833
18.039234, -20.049652
1.680861, 0.480115
8.891505, 25.864520
26.871190, -35.169843
30.075063, 24.555243
8.161738, -21.032775
34.744209, 25.601366
33.789148, 26.479141
35.414277, 25.682974
-9.032516, -9.277215
-13.392715, -11.962995
25.878439, -39.328586
-18.825470, -12.231570
-14.629116, 35.045007
-2.904799, 28.026958
37.042117, 48.172483
34.206941, 30.725246
-14.404112, 35.901934
9.355632, -20.987079
-12.737467, 15.344320
-1.157130, 2.241237
13.284704, -37.104460
-15.862492, 40.896554
-8.346050, 12.558927
-18.359560, -11.996197
-17.597360, 38.805118
30.075063, 24.555243
25.403862, -14.416518
13.824437, 22.846444
20.093356, 39.279900
38.198051, 49.194320
42.654230, -11.886799
13.614445, -34.297338
12.045124, 47.741858
-5.600510, 4.678764
6.090158, 20.581501
8.386354, -21.133584
34.725183, 44.587766
17.285347, -7.527747
-8.031576, 28.587643
34.843882, 25.409889
-3.417453, 14.286755
25.203783, 52.049989
41.909046, -5.792800
43.397669, 31.969858
22.363572, -33.871819
25.784766, -39.603466
-13.035607, 40.381952
19.667120, -21.454543
32.923923, -1.883578
41.288774, -7.014475
30.015126, -38.381563
-2.013714, 0.770453
15.735072, 39.616534
-18.039255, -13.831526
-18.362532, 38.676245
5.422013, 18.773574
27.371267, -14.467628
30.351034, -40.647695
30.961586, -3.065975
-14.281743, 36.109489
32.833527, 36.678045
14.315609, -17.449088
27.544821, 24.337663
30.018484, -4.205275
-19.068687, -18.444880
-13.299907, 14.944851
16.889102, -6.088286
-15.488794, -22.384482
-13.704157, -27.343022
9.728740, -23.147029
-22.434553, -12.542680
33.660254, 26.234922
22.911416, -25.872736
11.756598, -29.146105
-19.055898, -15.917940
-23.535838, -14.817027
10.218785, -20.909063
9.185830, -26.251996
29.848214, 23.837856
22.805755, -26.526841
9.982756, -25.549251
26.776506, -36.477779
-20.570444, -13.874672
14.755250, 26.287455
17.384869, 40.148672
38.217498, 49.994353
-18.366155, -15.479109
-2.588134, 22.290597
13.202084, -24.303343
30.977801, 41.379895
-24.791285, -12.900744
4.952483, -4.248407
-13.100161, 15.033540
40.155622, 24.456426
-24.791285, -12.900744
16.340287, -17.415928
-24.330662, -10.451817
-25.688009, -16.040194
6.374948, -1.102490
39.891390, 49.647528
32.222887, -5.650821
25.121460, -35.658428
-23.651315, -17.089232
-26.488988, -11.280276
-23.651315, -17.089232
-23.651315, -17.089232
-9.196607, 37.448251
9.567491, -6.492442
-0.489394, 24.662939
-8.879858, 37.135851
-11.360673, 19.244520
22.658786, -26.085292
-2.423801, 23.126581
-14.767908, -32.478624
6.426298, 24.804096
30.181556, -41.338246
12.105309, -23.702885
-8.691355, 37.107753
20.262662, -31.359453
-12.446974, -33.852055
30.000000, 40.000000
14.591953, -33.258325
9.889988, -5.439711
-18.133900, 41.241937
32.450631, 44.860099
30.016973, 24.620130
0.128889, 1.847758
33.105270, -3.874335
-14.791950, -37.457440
26.942292, -37.749332
42.455480, -14.446967
-14.582687, -20.577621
-28.777087, -12.173215
-23.554537, -10.503431
25.280670, -24.899182
-25.523290, -13.920714
17.158387, -0.357494
40.719165, -12.952415
-16.655626, 36.325725
14.476521, -25.001975
30.351034, -40.647695
37.791131, 37.505733
42.462427, 39.523086
-18.939085, 37.924367
-13.686771, -11.408149
19.141690, 34.412192
30.482283, 26.901116
-15.217160, 44.671898
-25.704418, -16.747900
12.667780, -38.316315
22.448658, -37.626002
19.856110, -16.353026
22.392410, -6.318937
13.888244, -3.430743
27.354758, -20.888211
30.961586, -3.065975
-9.240864, -8.564060
-11.811101, 45.060943
37.490784, -7.443576
25.228043, 25.061608
28.363697, -39.508097
-1.538158, 18.950685
11.796042, 47.825968
41.331846, -5.869525
38.231330, -12.412167
31.405649, 24.461866
14.644457, -18.927464
-2.517362, 25.768955
-15.322078, -3.408835
32.485161, -38.186547
-8.116263, 13.378192
-15.025987, -6.982002
-13.589892, -29.041836
-19.398611, -39.529710
10.015978, -3.977707
30.616022, -33.314578
25.977927, -30.911629
24.781359, 33.858159
-8.610483, 31.913077
13.874718, -27.610627
-7.861895, 31.800433
13.469836, -29.088880
-19.568951, 36.279062
28.949474, -39.560292
13.376396, 0.234382
-28.502440, -17.626532
28.956184, 24.417040
38.400930, -11.959500
-28.025030, -17.050345
41.162540, -6.918449
26.092227, -30.659351
-7.513184, 26.356033
-17.164306, 39.008728
34.192724, -33.294673
33.094959, 29.137298
-13.148137, -31.668578
25.881848, 35.946469
-9.750320, -7.702962
-17.806902, -38.465494
-23.849726, -13.643033
9.714257, -5.904111
-10.797254, 43.028551
-28.562254, -17.331698
2.247404, 5.903567
-28.399694, -17.611652
10.100324, -3.615820
34.144274, 32.717167
38.426624, -11.951167
12.107585, 0.423601
37.371107, -7.366833
31.088865, -36.370370
16.624159, 49.248407
-19.226367, -37.048330
39.127817, -31.981658
30.729401, 24.370006
38.951101, -2.573187
-28.530522, -17.155845
-25.727421, -21.577696
4.317581, 0.379679
-2.528965, 25.705826
26.714084, -36.360271
-3.244558, 23.393425
40.434110, -36.855683
13.881197, -28.139723
8.625826, -14.539112
21.727598, -20.911848
2.387632, 15.954571
-25.867870, -26.735618
-29.231555, -16.746598
34.911276, -5.332453
-11.810281, 37.907137
-2.904799, 28.026958
-5.444173, 17.367978
-2.342770, 22.171307
40.182053, -15.742404
-27.570896, -15.632358
29.720118, 34.532612
9.991909, -20.724332
-16.824758, 36.421666
26.295439, -38.882545
41.594913, -33.073982
41.954324, 28.660373
-16.311006, 34.381358
-28.146136, -17.013391
-13.739166, -27.326124
-8.609107, 49.337022
36.063193, 24.535831
-28.038281, -17.485517
36.730087, -40.937834
17.609996, -25.915594
27.960221, -40.288682
1.861183, 13.569931
10.318702, -25.384329
-19.628907, -37.207344
27.415473, -25.730411
4.569566, 18.025397
-14.529767, -20.632745
29.958286, 25.872161
13.537170, 26.964121
10.150922, -6.035591
-13.873504, -1.414966
23.314579, -28.549344
29.420511, 37.391757
37.557470, -6.957217
-1.980612, 5.174537
19.611525, -16.277933
32.984652, 23.662141
-14.686270, -20.979962
-3.458985, 14.617952
-17.447865, -40.681256
-18.248756, -21.567218
-28.510152, -17.678845
33.611467, 34.019770
-11.046370, -5.747021
-8.584698, 38.298421
15.407267, -4.182371
-15.686098, -12.189954
33.575727, 25.646950
-17.005636, 39.248093
34.843882, 25.409889
-28.003052, -17.137344
-10.605834, 43.738276
15.685325, -17.320456
36.880894, -40.946722
-8.031576, 28.587643
3.886900, 2.629680
10.414042, -25.248288
-6.676951, 54.038933
-13.866818, -27.021073
-17.005636, 39.248093
-22.206108, 37.719334
31.069953, -4.414075
14.671494, -1.490596
-1.835068, 19.535339
37.348834, 29.309363
-8.431483, 32.071534
-1.840971, 20.165628
28.200063, -28.158998
30.610311, -29.175785
-28.231325, -17.002915
14.092581, -33.735699
25.925645, -14.413399
2.882997, -2.347286
15.377397, -24.687072
-14.583630, -19.672464
-12.044586, 42.987913
28.985256, -31.038381
-12.201467, -1.141348
33.105270, -3.874335
37.505737, 50.094792
-5.240846, 53.028974
37.079541, -40.856310
33.449267, 44.498875
9.677870, -5.886195
-28.970115, -17.096507
31.216856, 24.288585
-11.924719, 40.581331
-17.005636, 39.248093
34.389350, 32.679457
-28.712915, -17.188964
-17.759011, -14.640745
27.915364, -8.882654
-1.201067, -5.759279
14.676549, -24.400018
-2.645152, 23.188562
34.674154, 47.099038
-5.814666, 19.755899
28.678132, -23.450232
22.354259, -26.695508
27.827507, -40.290126
30.176793, -40.798857
-17.601536, -1.548670
-3.418443, 0.599917
25.156174, 51.342529
3.492861, 24.885017
-28.194884, -17.081363
-13.146390, -31.670660
-5.489226, 26.585766
-19.882022, -37.308472
29.564360, 33.963036
32.202292, -6.614684
20.928376, 36.063021
-22.730442, -2.600286
-24.606435, 1.098914
-13.146390, -31.670660
27.936305, -3.715696
-1.195979, 18.888522
-5.309789, 27.396115
-14.081470, -13.982624
42.601097, -14.887717
8.539798, -20.441650
13.259343, -29.102696
30.261699, -41.011698
-21.433417, -1.819930
-1.241069, -5.211333
27.552993, 48.269654
34.039414, 39.620445
-16.177758, -39.935094
21.584750, -41.733529
-28.537580, -17.131303
24.980497, 46.092527
25.440811, -32.147022
37.114250, -40.351115
11.512043, 26.047009
-11.524077, -0.660164
-22.899302, -32.874193
42.104333, -12.288412
34.843882, 25.409889
-11.367217, -5.913378
33.137522, 25.688533
-23.085419, 3.072847
-9.423455, 27.927816
-14.250658, -13.737636
-29.485018, -14.507641
31.437241, 25.222109
16.191133, -13.974559
37.402827, -14.797823
22.529126, -7.296297
36.157323, 44.164790
-2.873133, 28.449676
-21.939896, 0.636482
37.071660, -40.424074
17.205697, -24.467424
-21.503247, -32.739297
-33.844026, -12.181439
32.403423, -15.321440
-25.367082, 3.278756
30.961586, -3.065975
-13.310481, 0.774069
33.091652, -10.479285
39.067145, -31.561082
32.216094, 27.570394
14.516732, -19.316310
36.476055, -4.149359
37.133602, 31.942728
-37.670847, -8.773414
-10.246006, 45.476169
-12.304820, -13.257289
0.732551, 22.701669
6.637016, 25.302610
-8.070478, 54.359149
-14.516617, -6.560588
18.323872, -21.746359
-1.559892, -4.447763
-15.444560, 34.382357
-26.012937, 1.024185
26.820038, -8.820202
12.145616, -30.443291
30.974425, 24.233076
-4.908629, 29.680787
-15.013470, -35.714968
-10.609822, 43.731389
-41.299943, -4.554006
30.961586, -3.065975
25.475097, -11.106654
-20.073391, -23.457557
-41.126797, 0.769626
23.828470, -19.878554
30.938580, -12.030806
6.634439, 25.302422
-27.750180, -1.420132
-37.872852, 4.764257
43.961108, -4.883524
34.758432, 28.114095
-14.249063, 19.543422
29.868786, -22.622147
-12.995645, 21.461092
-32.942414, 5.140999
-3.786723, 25.187986
-27.689079, -10.480235
21.656133, 33.772786
28.972738, -13.906187
31.169874, -31.819545
-40.982252, 0.649463
-6.028493, 48.189551
-28.834026, 2.358655
28.346388, 43.628559
41.389091, -11.879657
9.867014, -15.759401
-32.612019, 4.695306
-38.740607, 5.223825
18.361398, -15.480554
31.172348, -10.555706
26.302627, 22.969688
-16.968842, 23.529039
29.521391, -19.146820
40.529025, -12.564198
-12.701785, 31.344891
28.878496, -4.498355
-1.230576, 18.750866
-9.926382, 46.339268
12.160892, -24.610746
18.592579, 26.783785
9.099147, -17.486929
-12.953177, 36.497593
38.969882, -30.925912
17.602913, 49.885771
30.126834, -1.641268
-37.613474, 4.937037
33.764634, 25.337337
-19.997359, -37.557352
25.306666, -8.066594
-9.111898, 37.331474
-37.579124, -8.711820
19.512175, -23.386186
-13.454617, -4.124918
33.420721, 38.045431
-14.758515, 35.449650
-42.215149, 0.554059
40.904324, -13.348595
-19.843408, -38.276570
-13.146390, -31.670660
-32.698720, 5.121356
23.286605, 43.113093
-2.013714, 0.770453
20.479790, -29.943186
32.752073, -20.615631
-0.420635, 20.966841
28.552734, -22.324324
-3.654216, 26.293390
27.649029, -25.952012
-29.368633, 1.477418
-41.808458, -5.600786
11.052167, -8.706391
-19.945870, -13.073162
-13.530212, -11.213845
-24.115856, 1.359689
-45.742514, -2.255314
13.570873, -28.205400
29.043595, -11.677494
-3.685856, 26.302584
-16.318777, 20.829888
32.272385, 23.525939
-11.327461, 36.079001
27.852099, 28.171916
-3.650613, 23.069486
12.107051, -10.130564
22.219395, -35.544528
-2.904799, 28.026958
29.953109, -39.435381
1.742694, 19.923944
-13.579692, -1.641764
41.807632, -4.102113
-23.984252, -35.113418
11.779146, -29.009325
23.553024, 34.870550
15.657065, -2.087773
9.916420, -5.499828
-17.856787, -12.922587
13.131123, -36.978771
35.173335, -21.183335
19.307521, 34.331198
-29.183569, 1.421826
34.843882, 25.409889
-6.815591, 2.824675
14.164396, -18.658034
-4.992737, 23.990619
-44.698756, -1.462765
-25.377755, -30.028567
26.446787, -19.257488
-1.698566, 20.795302
-25.367082, 3.278756
-42.503203, -6.371864
41.878178, -31.970129
11.489230, -30.081801
40.381494, -16.222946
25.503445, 52.292446
-36.587790, -7.859878
-26.199335, -30.249002
37.087597, -40.363834
-44.290203, 5.394313
10.078588, -23.692843
41.757821, -11.950631
40.904324, -13.348595
18.396124, 40.009599
40.436912, 27.506607
-32.038127, -4.232096
0.480751, 19.377114
-21.093672, -32.054650
-19.859033, 1.643695
41.553932, -32.359505
-37.227414, -8.510148
-17.005636, 39.248093
13.656988, -14.266556
-7.921010, 27.818333
-11.535808, -17.162753
41.715981, -32.454962
-24.417857, 0.924467
27.844495, -31.038258
-28.153289, 3.081981
-32.284757, 4.716277
22.076333, -10.566790
-12.348592, 33.045350
0.716652, 15.947964
-9.435315, 38.853996
24.226944, 42.611457
30.000000, 40.000000
8.609428, -14.628999
0.007925, 8.105955
-9.495686, -4.492535
11.787986, -3.734387
-18.774126, 20.616478
-25.582230, -29.929679
33.591352, 26.096295
-13.841756, -29.315272
-27.823657, -16.832007
29.949737, 27.456858
-36.802680, 4.344397
-22.387090, -1.795687
16.395863, -10.276308
-25.763703, -29.766862
-21.766596, 22.060428
22.982146, -15.346396
-6.227606, 17.581163
-29.635896, 1.624249
38.362468, 44.280576
-23.408630, -24.930148
31.032631, -3.810769
-22.249780, 22.153347
27.283203, 23.890926
-33.749263, -9.046886
41.079010, -37.230906
-10.299857, -5.363308
-3.890180, 26.355786
-45.044105, 4.038227
11.711991, -0.635644
-23.116286, -25.168393
8.722122, 25.744938
24.072228, -3.274151
27.089395, 23.272229
17.220078, 35.438404
-31.350225, -6.995061
17.548563, 35.302645
-2.645227, 23.189636
-2.677571, 7.053237
-22.204259, -3.309814
31.706525, 23.352120
-12.485031, -28.691320
35.328280, 27.543068
18.199799, -7.092144
37.651735, -34.776590
35.069619, 24.790231
-23.960681, 5.194283
11.809615, -0.274171
-20.175580, -3.121555
19.966757, 40.929997
15.582192, -8.441118
-17.904051, -24.193762
-1.420943, 24.297969
-17.171946, 41.732536
26.154857, -27.530579
30.486470, 27.294947
30.890583, -3.028527
-21.290151, 4.778293
-5.419681, 53.182667
-2.077571, 1.298098
24.398778, -35.380855
1.419432, 1.470084
-4.770243, 47.216749
-20.362630, 5.103452
-50.811506, -1.538329
-2.024117, 19.875535
-3.821879, 16.509167
16.716597, 48.872384
-15.208301, -23.652863
18.120374, -14.596392
30.718295, 27.057746
27.210574, 32.546522
-17.935951, 6.001780
-13.512329, -19.175468
33.185424, -26.911216
28.066189, -40.263152
-12.615030, -22.470359
2.910275, 18.268530
-1.127389, 50.774117
-32.595190, -2.280723
40.369165, -3.297740
18.327935, -27.089708
-0.933328, 55.998144
-14.517554, -18.740435
-13.591862, -29.014787
-1.696730, 9.111376
15.024079, -38.812843
-0.031633, 48.808720
-26.262578, -30.268051
26.524893, -30.199367
-0.458898, 19.098929
-10.631199, 32.430306
30.010169, 34.193332
19.105015, -12.623273
36.192501, 38.193520
6.621945, 25.301220
18.418653, -26.961340
37.170706, -40.833759
-37.160679, -7.970662
-4.346784, 16.978204
-28.305221, -17.651452
-25.830295, -30.152547
2.855681, 17.303509
-13.394114, -27.745965
24.943523, -18.224085
-14.049382, -11.297487
30.961586, -3.065975
-25.727711, -30.172538
20.102555, -16.240732
-6.217132, 20.737461
-26.138611, -2.169418
-23.313587, -34.712573
-26.075029, -30.595388
14.385486, -4.011216
12.893263, -15.046839
18.337710, -36.174597
-12.189956, 36.769206
-25.398101, -30.443843
28.814049, 24.928032
4.644664, 23.811990
26.293835, -38.885013
23.272629, -26.023221
28.080044, -39.687018
16.061274, -22.129738
23.405139, -20.529391
40.714507, -16.529888
40.039438, 35.548298
39.410198, -31.332273
30.472708, 52.380569
25.060026, 25.323158
41.471805, 33.886629
-50.891600, -0.974413
-14.622108, -3.843862
-5.681489, 30.464935
-37.570092, -8.115887
18.008374, 40.132578
-14.475582, -10.005396
-29.158204, 1.798931
41.991561, -29.817105
30.856541, 24.830401
39.966832, -14.114179
13.982132, 26.343297
-25.965307, -29.963371
-14.861419, -20.119800
-14.832354, -11.994961
-12.288096, -0.687956
31.403031, 26.529387
21.561325, 38.342099
-12.373389, -18.539741
31.454313, 24.508711
20.534373, 28.192315
18.010076, -16.555518
22.590273, -9.303081
-14.563408, -3.813516
35.017738, 27.911740
42.906443, -17.195352
41.655762, -27.530894
13.914976, -16.136201
31.378149, -9.408746
-23.971958, -16.408640
-13.146390, -31.670660
41.807632, -4.102113
35.205583, 27.777249
34.884707, -5.838804
-12.259140, -27.829126
38.751864, -31.563687
13.216178, -32.968324
-12.265873, 19.289468
2.367753, -2.382981
-12.311180, -28.131183
-12.376099, -12.927587
-13.407478, -18.486598
-28.013555, 4.084677
29.826295, -34.418258
-21.403468, 1.244999
32.511967, 46.260368
-40.897373, -4.913274
-21.223416, 1.251851
23.969624, 35.145574
37.974918, -8.797767
39.593920, -2.130359
-3.663373, 26.296067
-11.354921, 36.035810
26.345397, -20.215053
22.693001, -35.971443
34.410028, -19.023416
31.238543, 22.368742
11.714800, -9.768495
-21.232915, 3.086873
-6.492953, 33.097742
-13.594778, -29.000960
-12.574942, 43.511303
32.930600, -17.160514
1.089268, 16.666265
-13.243179, 29.990435
-0.101737, 7.759071
13.672965, -22.187184
13.354952, -38.647858
38.881533, -31.115766
0.785079, 10.553417
-25.705346, -30.243785
-12.947737, -27.414939
6.676960, 1.126357
27.002153, -35.463088
43.502687, 29.395425
36.687456, -7.327889
-18.556915, 3.796561
35.834004, 27.630246
12.500935, 46.841364
20.134060, 39.683395
-10.704742, 0.501002
-19.461739, -37.953888
12.880198, -30.553677
-22.225260, 38.535837
-26.221868, -30.686430
-18.468851, -1.290093
-20.857205, -25.775847
-20.570444, -13.874672
9.938702, -5.117545
-46.063879, -2.584300
-1.195318, 2.976150
-21.793548, 37.953977
-26.051413, -26.651096
-24.721197, -6.962912
-12.995645, 21.461092
-26.435244, 0.954834
-12.481755, -13.144538
34.206901, 30.725209
-5.768228, 17.667357
-24.115856, 1.359689
0.312454, -3.567966
38.565855, -12.317540
-27.845590, -31.750204
-21.371208, -15.842334
33.214900, -32.299598
-0.160888, 4.136442
10.174296, -4.926785
-27.067438, -10.945256
-0.379374, 49.751591
13.752709, -17.046326
39.083831, -26.762502
13.803685, -3.458462
18.687979, -13.373009
30.075063, 24.555243
-14.322823, -5.199009
-1.197780, 19.154258
-6.461429, 26.380257
-37.559745, -8.736807
-15.667962, 40.878063
13.555536, -34.210332
38.865906, 47.686985
-13.030927, 43.438228
-2.517362, 25.768955
-21.422688, -15.150733
-25.191219, -29.912314
-5.469697, 20.967388
12.696558, -30.119866
-36.543369, -7.561121
23.874008, -14.484612
-28.932494, 1.024640
-18.885192, 5.349873
34.410028, -19.023416
14.038184, -28.483600
27.142165, 46.423194
34.447360, -2.700729
-13.330347, -1.516753
-8.695977, 24.398010
-24.745346, -5.287406
-24.144190, -27.024485
-41.375662, -5.008926
-28.133185, 2.835073
-3.404619, 14.505156
-5.824525, 47.780657
-40.158652, -3.290276
16.578689, -16.865774
-45.732513, 3.967777
-0.695196, 50.585870
-12.265873, 19.289468
41.070528, 28.656789
18.595239, -30.530854
-29.427290, -33.644119
-17.005636, 39.248093
15.960206, -40.537103
-27.142052, -33.480342
-13.146390, -31.670660
-12.255268, 41.821098
-29.476981, -36.737531
-17.649147, -37.649465
-0.198744, 24.490430
-17.111487, 3.330497
11.876505, -3.450165
35.130936, -4.612413
-12.006589, 35.256296
-31.913369, -38.109209
24.960668, -29.200900
-12.960177, -12.979133
-25.340687, -8.202800
-13.109295, 43.423109
10.268015, -5.621342
-17.309221, -37.012119
29.961117, -25.879150
-38.261436, -9.375021
13.215711, -9.079263
-12.743777, 46.180875
-8.272437, 38.972035
37.139959, -25.276919
15.734985, 43.890806
-24.981371, -33.601488
30.075063, 24.555243
-1.984871, 11.791456
-6.570629, 25.300187
21.238779, -25.835142
-8.224610, 12.278150
11.746453, -8.221064
24.803747, -19.427290
33.395392, -35.608913
27.132547, 48.723850
-7.169719, 21.840526
-14.764895, 41.046831
-30.200528, -39.630590
32.051333, -18.092340
30.649712, 49.821738
-9.679548, 37.208217
-13.634679, 14.525786
-36.970776, -8.038359
29.448382, -33.723545
32.476041, -27.260161
42.071156, -15.062345
22.085258, -34.417503
17.568478, -16.818999
33.320312, 22.890403
-8.440534, 13.606797
-2.724778, 3.854925
15.715003, -37.968449
27.619058, 41.682533
-22.207527, -32.882247
-11.235026, 35.668645
18.135219, -2.802751
43.485475, -8.662548
41.494975, -12.493776
31.272158, 24.337014
-26.860625, -34.554635
31.821823, 22.229983
-8.257042, 22.425363
34.420256, -2.916244
32.896742, -13.009664
25.668066, -26.939424
-28.820540, -36.097930
-30.200528, -39.630590
37.632667, -24.594316
19.862827, -4.690210
-22.785108, -33.144946
18.534177, -17.812990
-15.952057, 27.119005
26.559427, 30.350108
42.906443, -17.195352
28.596691, 50.129623
-30.140780, -39.651621
28.680769, -8.268821
29.017225, -14.563333
-28.762711, -35.055232
-25.177468, 1.232814
3.431439, -3.584519
-7.196085, 18.133240
43.414910, -8.883540
-12.935355, 1.607372
1.284526, 3.665310
26.787916, -8.972623
31.136911, 22.610208
14.623925, -6.875297
4.462401, 3.069294
-27.142052, -33.480342
14.034439, -33.479572
25.764401, 43.355208
15.367792, -18.964980
10.174033, -3.502311
-21.226159, 21.772534
-14.641721, -2.365065
-8.354908, 12.570084
22.888723, 46.056229
25.503213, -26.782720
1.202189, -2.856649
-25.994820, -26.482317
13.277373, 27.140737
28.178233, -34.258901
33.059335, 38.134388
2.031945, 2.969974
-4.760723, 24.131670
30.961586, -3.065975
37.771924, -24.883716
24.035382, 34.099169
-3.047470, 22.595886
24.375743, -18.208380
39.155852, -2.881596
-25.438522, -33.069228
39.861479, -5.459624
-8.551300, 15.967768
-32.332863, -1.644381
5.185271, 18.395414
-0.693680, 50.969973
25.806468, -29.914874
-1.491173, 56.025997
-26.486453, -8.530349
35.090617, -4.649306
11.794573, -30.532338
-19.904055, 5.649613
31.711623, -24.104636
-8.991591, -9.191637
-23.331717, 3.690239
-33.177557, -40.318835
33.260579, -32.755897
-17.347911, 27.212106
10.264095, -4.330805
-11.368145, -29.897525
11.359807, -17.115512
12.238856, 25.098688
-12.554566, -27.803234
-16.534495, 25.018684
-7.872051, 31.268981
27.195568, -37.504547
24.813251, 38.041436
38.119274, -30.449262
26.342384, 27.674876
20.974562, 26.993974
27.459565, -29.189640
42.071156, -15.062345
-33.452816, -9.375984
34.986346, -4.618691
-18.896301, 36.177275
31.082585, -7.894398
-21.789924, 2.936707
37.805745, 49.975782
-12.607180, -19.707976
-37.741526, -38.171748
-41.780900, -35.321456
10.149428, -6.036940
22.568611, -35.112204
-25.700280, -10.682162
-24.087446, -3.595966
40.650093, -13.570506
-13.146390, -31.670660
4.414374, 23.122847
36.598984, 35.418512
-3.650455, -1.134202
35.985364, -11.307801
8.355527, 20.921684
-15.176991, -22.947627
-42.693442, -36.165098
-17.307868, 25.345217
-46.824800, -36.076070
-11.965334, -27.379607
-41.706617, -35.297223
31.486181, -29.578166
-10.351950, -5.329924
20.277998, 44.679581
-17.055865, -39.964105
-3.649178, 26.291840
31.451912, 24.504749
19.953361, -16.611338
19.022709, 33.596785
36.030523, 49.162427
42.481571, -14.631957
-42.850575, -38.433124
2.096748, 22.746671
31.744864, -8.859633
37.492416, 41.449594
42.943025, -24.859349
-23.804783, -12.493102
26.936386, -22.884278
-3.779598, 11.964532
41.466793, -10.175448
14.631953, -9.004678
-14.424872, -26.541321
-29.560410, 1.668566
26.493225, -26.077497
-0.727771, -5.577954
23.580940, -3.946247
19.014020, -17.857645
13.724573, -3.440395
26.242756, 47.182709
-16.711469, 15.704473
11.359807, -17.115512
-12.618729, 12.928218
-23.820183, -1.091475
-28.255001, 2.513214
14.265674, -29.727013
34.476540, -2.867339
37.252115, -29.720567
-43.708507, -39.766850
-56.590286, -1.062093
35.077368, -4.543325
27.035658, -22.138884
14.936796, 31.811536
-13.502399, -33.496091
-14.386780, -7.321038
35.141887, -4.489712
-11.519338, -0.113718
41.669383, -6.117930
13.429818, -28.562458
27.474257, -1.394673
13.928505, -34.243814
29.742113, 35.138278
13.193463, -29.398591
39.027043, -21.517257
37.911747, -28.460748
13.811329, -14.972004
12.332471, -10.460228
25.089463, -39.297234
-7.964150, 22.665063
40.044031, -20.496803
-1.611898, 27.241687
22.533827, -19.469009
27.138603, 43.198690
35.598637, -17.879739
-18.507724, 0.915681
-29.535450, 1.611839
-38.187697, -9.164884
-9.534803, 35.489359
-2.874548, 29.221554
-12.925321, 32.000834
18.095654, -26.780266
13.910883, -20.784894
17.203312, 47.658210
-10.844945, -24.421395
13.218225, -25.410934
13.536020, -28.460471
35.242458, 41.551354
-13.191665, -28.894560
-23.538892, -3.759457
33.140076, 25.519077
26.516273, 22.863008
38.926097, -21.422233
6.623397, 25.301160
-20.314687, 2.785962
19.113346, 34.009227
-21.020664, -0.992243
-20.570444, -13.874672
32.568343, -33.185477
22.874021, -36.239881
-27.468346, -13.201308
-0.100977, 21.699641
-34.392138, -37.899916
-17.678377, 22.628418
-18.046061, -41.612815
13.315102, -27.085682
16.963868, 37.023688
-51.520160, -2.748240
-11.343953, 44.554161
11.241639, -24.687575
-1.988963, -1.464869
-38.840291, -39.043612
10.048133, -5.427307
-28.672110, -35.104165
-14.812155, -20.496278
30.569965, -10.613923
0.119647, 24.068455
21.925164, -4.073449
-19.278675, 3.286139
22.929679, 32.634690
30.693023, -22.392994
16.141829, -0.441142
-13.241082, 51.231543
-25.583577, -28.456265
-12.943597, 12.209664
25.135917, -24.346814
-19.417540, -39.198153
-34.330449, -38.339180
38.799774, -6.795006
27.577921, -40.580951
23.899972, 48.619189
3.828472, 3.948500
16.654061, 31.377187
1.182691, 7.992229
34.647115, -4.583626
-33.362412, -34.872124
-15.073522, 40.617590
-12.120027, 13.985482
29.339237, -16.189746
-38.513280, -33.071661
-25.886552, 2.374762
24.954933, -6.534905
13.632958, -36.697127
24.826800, 38.244712
-36.127002, -13.883472
42.577367, -9.068205
0.516067, -4.242916
-24.269052, -33.933019
23.197411, -8.256148
-7.066206, 37.300436
34.201266, 25.821546
36.672344, 35.865165
43.798432, -27.624590
-25.921414, -28.742063
34.373561, -36.600518
30.414786, -9.711872
-16.211430, 18.541508
18.092397, -20.351661
18.063893, -28.630798
25.652906, -38.921212
25.173864, -2.335390
-29.774709, -34.902602
-14.311502, 41.724090
-19.682157, -38.237371
20.564063, -2.628841
17.603550, 24.541409
-12.946514, 43.447711
-26.452589, -6.632149
-2.852526, 12.185190
-13.146390, -31.670660
-14.425856, -33.570827
-56.010269, -2.739080
38.343291, 46.399934
-55.020198, 2.005185
31.755991, 38.753323
17.399589, 30.098998
35.492615, 24.905202
18.730676, -6.221407
-27.394940, -19.468558
-31.262534, -35.704503
9.884912, -5.867549
22.861437, -35.837826
-6.811984, 21.764732
30.085541, -3.915499
-0.572849, -0.307000
-17.413793, -37.052867
26.294117, -24.406855
19.743785, -21.538324
-50.721510, 4.279910
42.172473, 40.366639
-8.375244, 38.278925
34.705624, -4.474812
-1.088638, 55.674072
5.573871, 23.041645
23.472661, 36.255462
37.342188, -13.056803
42.755269, -3.704129
44.486277, -18.566792
-24.152332, 0.426979
-10.579904, 42.983443
37.087321, -25.347475
11.907481, -27.289727
10.270747, -25.741409
-15.750668, 23.055530
-17.339989, 41.505620
-31.547727, 3.559329
30.382016, -29.671505
13.781119, -28.973558
-10.973779, -5.489784
41.096093, -4.130411
15.968445, -40.682303
33.874893, 29.631870
-10.956000, 42.877894
-15.897989, 22.589738
-35.420251, -18.912004
-12.879240, 26.731396
-10.261863, 45.956170
19.146641, 29.651986
-37.838639, -23.300038
-13.182552, -19.026910
28.294579, 24.953663
14.868414, -8.336552
-11.617197, 39.604448
26.004245, -21.409972
32.419259, 39.766289
-17.597962, -3.157664
-8.296013, -6.473748
13.562855, -4.939038
-23.425226, -11.171024
26.326984, -3.962257
41.355205, -24.880359
-31.444996, 4.825685
-27.703451, -38.485752
-0.055419, -1.648954
35.174939, -4.572074
27.169448, 38.224076
-17.738012, -2.865134
1.401012, 3.314809
27.129061, -39.642353
29.806855, 37.024172
-29.048047, 1.228280
1.630103, 0.381330
-35.917883, -35.095744
-17.823815, 1.035798
0.953801, 24.281626
16.471257, -14.684080
26.641080, -39.063828
-42.709685, -23.239117
27.572219, 54.246485
41.502560, -11.970396
21.372869, 38.301075
-13.386404, -18.521081
-17.560807, -20.636288
-24.702026, -28.533193
39.951741, -13.495338
-0.844036, 13.238189
30.075063, 24.555243
-28.079706, -0.050514
41.797319, 28.918192
12.612959, 25.897578
-56.214744, 3.719677
17.859287, -12.432775
15.644997, -30.830140
-26.352449, -34.588415
-16.177123, 5.271370
-8.889883, 37.587089
-13.146390, -31.670660
33.875837, 25.243616
34.564793, -4.278666
-42.984026, -39.009630
-15.498485, -2.112465
15.354844, -13.741299
36.973747, -7.358524
30.832491, 39.108934
22.048082, 46.187073
-38.936507, -38.271661
-12.572128, -16.812798
38.811983, -20.777074
15.460949, -22.039285
-20.109845, -37.906573
-0.898389, 20.967485
4.529129, 20.792122
-20.250856, -34.886992
38.414200, -34.170543
32.450631, 44.860099
29.514524, -4.651392
22.017279, 44.608887
24.930735, -24.032665
-26.128382, -17.878170
10.571025, -25.795748
33.552371, -21.694800
27.629129, -1.997614
25.591276, -17.713205
-12.448732, -33.848672
-45.920637, -19.335494
-38.203375, -34.471626
19.450714, -8.368839
11.456829, -0.922088
13.653044, -34.441647
-5.103907, 29.820097
30.881624, 24.008470
4.675345, 2.235022
30.539039, -22.144878
0.265618, 49.049085
-0.089227, 5.135450
-10.206462, 14.383903
-32.064744, 0.749686
-22.523456, -30.748832
35.242458, 41.551354
-35.596330, -35.397118
34.625119, -4.573532
-6.329630, 11.067516
-26.457597, -11.303270
34.506160, -3.367168
-29.019649, -3.136798
28.085499, -18.699854
22.840150, -36.039314
32.412254, -1.690633
31.410832, 22.775678
-29.641716, -33.695602
40.016363, -17.519423
-35.968159, -34.883138
32.333734, -12.642189
33.626721, 31.554100
-31.138464, -0.125697
27.805445, 37.194993
17.087770, -17.067203
30.323689, -18.443974
-15.557002, 38.104977
-44.787432, -16.744784
35.307536, 27.480703
17.068541, 39.844591
12.443606, 22.173879
-12.268453, 12.852243
30.439945, 29.748365
-29.148107, -17.657934
-53.514035, 2.880273
35.597653, -34.751825
-11.027222, 42.759667
0.151517, 48.892029
-38.823240, -38.575037
-13.839029, -11.098072
13.036064, -29.385933
30.797015, 24.532570
25.295744, -2.760763
35.821003, -29.213157
25.967864, -7.026771
-32.073511, -38.161634
-12.210777, -22.003544
-26.928602, -9.387947
-12.454055, -12.995133
30.514084, -30.676839
-29.204072, 0.893358
18.845398, 31.980983
-14.380840, -19.986494
4.454104, 1.586835
13.768272, -8.086952
-8.816632, -5.968230
-48.674024, -1.348594
-12.129000, -26.304012
-10.857813, -24.818051
-9.202903, 33.749066
-28.478745, -15.179088
-12.388781, 27.584380
27.850109, 43.465388
-24.938627, -38.804777
-3.059314, 13.288196
26.064211, 41.107204
-14.961139, -21.348532
-28.846920, -16.302291
-2.903587, 11.862036
-15.040331, -23.263382
30.862313, -14.478369
23.784843, 45.711339
12.844103, -17.340911
33.349951, -29.428897
-19.800682, -0.416311
9.418685, -15.116204
32.716142, -10.364288
-42.993375, -39.239984
-22.817384, 3.217766
-10.877793, 55.891880
-15.001455, 41.034561
28.850553, -5.510232
-29.673786, -33.707407
-8.984240, -9.153915
10.171065, -12.634253
-46.917461, -20.274708
-35.921841, -34.908543
31.155379, -30.046898
-6.113296, 48.412917
11.796934, -0.918073
20.081803, -13.083558
32.301427, -3.319614
29.837483, 27.028869
-11.270680, 16.436024
31.150084, 24.527290
-28.551835, 2.463790
-17.338885, 39.857657
9.986652, -6.251500
21.464949, 48.644671
4.312322, 23.900981
-12.807951, -12.910975
30.784375, -33.307432
-14.028386, -20.646143
29.505651, -20.339398
30.870035, -32.567694
31.416465, -5.919976
17.650350, -7.590134
-22.805923, -2.201095
-0.119416, 17.132426
31.314342, 24.353382
-2.904799, 28.026958
1.413562, 2.394951
20.059864, -41.666556
15.440495, -2.726668
12.457015, -30.534228
41.631441, -22.197602
-11.577687, 36.558045
20.561339, -26.833954
28.075291, -40.260017
9.930121, -3.824607
31.923426, 51.998455
-38.510100, -39.566370
25.643537, -31.824240
30.961586, -3.065975
-22.720706, -3.810383
-18.206988, 21.854064
-15.860123, 49.669642
-28.977339, 1.056820
31.078780, -29.004834
10.587968, 26.415774
13.778510, -27.805417
-52.444651, -19.173937
32.234278, -24.361151
12.398795, -9.965485
19.480384, -37.711720
-44.258471, 1.380900
-20.280616, -23.309089
37.547262, 22.047700
-6.244244, 22.456904
18.957152, -41.936120
34.592913, -4.615640
-12.660997, -13.250082
-17.193772, -36.950608
-29.203220, -0.806050
39.611424, -35.701491
30.088161, -23.788281
-11.181940, 24.386111
-19.279232, -40.468940
-29.536984, -34.840740
-12.620848, 21.877618
39.007942, -35.469284
1.555947, 2.899928
39.032764, -35.229924
-45.875966, 3.814600
-36.726642, -7.409855
-13.146390, -31.670660
20.269510, -36.639169
38.955913, -31.954370
-46.847779, -19.720799
-18.669296, -22.034494
40.525749, 25.419784
23.973933, -10.950356
6.301644, 22.463735
28.638142, -6.331713
34.843551, 45.223050
16.561920, -5.676745
-32.899960, 4.996715
38.925275, -38.785730
14.353805, -27.435540
16.053783, -33.031027
-17.880340, 22.130079
23.333028, -20.943012
-43.268644, -18.908750
13.571307, -3.404727
-18.966528, -2.805473
34.517598, -3.486044
-13.892484, -11.333429
-13.423890, 22.291069
28.331063, 31.284246
32.199906, -9.742989
-8.247618, 39.331118
-17.005636, 39.248093
13.396511, -36.829890
-11.083543, -29.102737
-42.952351, -23.223640
-18.143366, 0.712806
-0.090296, 7.815482
18.998539, -9.636757
27.709704, -3.234611
-5.819362, 47.618066
-36.740645, -7.528917
-13.945843, -3.203480
34.787401, -4.375384
13.080650, 0.060985
17.220684, 34.061412
14.511361, -9.448435
11.815346, -29.226572
-10.829024, 28.103372
-13.537770, 37.618242
-34.695287, -23.821630
28.655040, -13.371589
-6.005317, -4.468566
-14.791883, -21.962722
-16.214633, -39.941899
-10.165840, 15.198081
28.157052, 31.014490
13.571131, -29.197164
-17.120546, -10.789110
-19.120306, 23.401400
37.348949, -5.191604
25.446920, -8.546491
24.053432, -20.625311
16.297265, 39.686256
20.776298, -39.191759
-45.178199, -1.329478
33.089627, 38.800639
38.955223, 44.371974
-8.462366, -2.146239
-29.646253, 1.099965
34.900993, 23.265456
-19.261679, -16.481581
-36.042427, -24.018091
-31.129018, 0.173553
-11.554386, 24.731145
24.520908, -42.284856
-27.822196, -12.848438
-2.167558, 4.175026
26.600861, -37.952062
-6.348144, 16.272162
42.824344, -37.297151
26.156799, 44.301230
-33.598891, -9.004081
33.449547, -21.084918
22.160623, -26.295435
27.921115, -40.292502
-5.315394, 16.322082
29.881975, 35.519268
15.657065, -2.087773
34.103173, -18.241869
1.847700, 5.859697
13.856222, -9.759040
-30.996046, -12.144423
35.102637, 30.608870
-12.324857, 21.094078
-0.452382, 4.228550
-44.093668, -18.928108
23.061721, -31.196672
42.957506, 40.322987
-13.606132, -11.247232
-18.234020, 22.243292
-38.708319, -40.612126
-33.542802, -26.199132
-27.927751, -17.031820
-38.383964, -38.560436
16.952989, 42.206349
7.897220, 25.123166
18.061787, 29.453828
28.334220, 42.306856
26.529488, -39.140586
3.504681, 18.115003
30.483075, -10.652228
-25.404859, -26.906958
40.883356, -11.947049
-19.847510, -37.486808
43.223511, 37.887839
42.666882, 39.073299
39.138050, 46.336445
14.899126, -25.111449
-2.013714, 0.770453
-1.426406, 22.350469
1.623849, 8.115495
-32.308327, -23.238611
19.313078, -26.083667
-49.988626, 3.744010
-12.983907, -12.923977
34.958790, -4.375398
-15.346348, -19.266799
35.426249, -4.470744
-13.258134, -9.025155
-38.658157, -38.692603
22.847509, -7.215123
-29.773564, -34.920743
-21.607074, 1.234301
15.193208, -8.912835
40.214894, -28.764894
-46.237702, -18.121058
-14.212277, -16.969939
-30.211047, -6.057086
38.084843, 46.433256
-0.934283, 19.545398
11.089432, 22.469026
-38.352799, -39.588205
38.655915, -21.784296
-17.982891, 0.984190
39.891219, -15.758119
-0.117899, 7.334483
-13.522376, 32.316972
23.923133, 36.142477
-35.103701, -18.824022
22.856851, -35.897585
37.984652, -17.639949
-38.685087, -39.468794
-56.391490, -0.750666
21.355383, 32.973738
-44.243672, -20.795993
35.452282, -18.062807
11.647656, -25.514740
25.771844, -6.102680
0.196189, 0.566372
-5.799489, 20.631775
34.894135, 25.982532
1.823013, 2.901025
5.471818, 26.699447
32.425743, -11.312764
29.784526, -20.130771
-16.455636, 36.913431
38.083625, -14.779405
25.603552, -16.589403
38.882251, 23.909606
38.932895, 24.121868
-30.005028, -37.363905
-27.954191, 2.825980
39.515737, 23.727204
-27.174409, -3.570152
17.147501, -12.440479
31.042792, 24.173862
2.924435, 6.708294
30.952617, -32.795937
-34.536812, -21.656462
2.602014, 5.993064
-8.762177, -1.963351
14.811762, -24.328028
21.202394, -18.882819
13.907110, -3.035993
7.285503, -9.097469
13.339406, -29.063954
35.815571, -17.613611
39.969571, -2.666387
21.479642, 31.252932
-18.204439, -21.642941
17.663179, 30.856247
17.406535, 36.239481
10.158974, -0.668040
-14.244859, 39.828393
15.243934, -30.314999
-12.711421, -8.767210
22.403348, 40.051707
38.916318, -31.208937
39.893717, -3.875153
3.001004, 15.254998
14.107756, -13.104264
-25.372917, -38.666632
-45.882243, -31.972530
