40.000000, -40.000000
40.181535, -39.669251
39.474142, -35.187581
40.601223, -30.814441
37.857420, -30.220817
35.450029, -29.767746
33.875676, -31.984685
31.550619, -30.604048
29.237588, -30.742162
30.747535, -32.465010
26.921192, -35.335384
21.781119, -37.312486
30.747535, -32.465010
18.002115, -41.495908
31.802929, -34.632913
31.809446, -34.611929
40.000000, -40.000000
27.949724, -33.016001
30.747535, -32.465010
36.361335, -31.869616
30.747535, -32.465010
27.971331, -33.034508
37.018748, -34.340619
30.342285, -33.126393
31.215099, -32.698604
35.481822, -29.363461
18.272427, -41.265891
30.747535, -32.465010
40.000000, -40.000000
17.555119, -40.875092
30.747535, -32.465010
17.026446, -39.090278
12.716764, -35.987778
11.979394, -30.417209
10.931929, -25.458047
10.078498, -25.832266
13.923475, -31.366496
35.923962, -31.611382
35.923962, -31.611382
44.037225, -37.359835
36.609077, -33.831107
36.711143, -33.912863
35.923962, -31.611382
11.399678, -22.374647
21.993593, -36.716646
14.188997, -22.484114
15.663369, -25.202651
15.936710, -23.138756
15.273504, -25.040202
38.654977, -32.023005
16.037724, -20.154085
35.923962, -31.611382
14.894392, -25.514165
15.342912, -25.811448
16.776695, -15.067360
16.519771, -23.852491
13.093917, -10.979436
7.833711, -10.930624
38.654977, -32.023005
38.654977, -32.023005
7.966738, -10.587779
6.484141, -8.504604
36.118121, -28.042225
8.095038, -9.440913
7.925270, -9.768090
8.741902, -8.893375
9.855884, -6.531072
8.741902, -8.893375
11.473536, -8.133397
9.916215, -1.591431
6.228710, 1.967263
12.992435, -30.866945
16.640022, -37.690230
8.741902, -8.893375
13.201756, -30.626766
2.962276, 2.443772
2.243666, -0.195324
0.270843, 0.969198
12.905890, -30.572020
1.608291, 6.146871
4.672652, 1.976498
0.270843, 0.969198
-0.970728, 10.338075
17.367964, -15.000137
-0.182563, 3.465632
2.406901, 1.797085
5.410890, 1.503857
-5.579210, 12.486221
1.435253, 4.316323
-3.942289, 14.088854
2.482783, 2.706780
-4.249807, 14.725871
17.557483, -9.584751
-1.874502, 16.189308
1.014970, 20.389919
-1.410489, 10.851769
6.135526, 20.086091
-7.693680, 16.842758
-12.455000, 18.662734
13.526571, -7.495197
40.809072, -32.802989
32.713895, -33.697023
-17.380931, 20.033963
8.353112, -11.583493
41.915761, -34.017151
6.013360, 1.743492
8.485246, -9.051065
2.406901, 1.797085
13.288986, -31.201239
4.547350, 1.970937
32.784063, -31.531977
9.625575, -4.369835
10.442083, -4.926113
5.974817, 22.175345
13.371779, -30.566292
14.288333, -5.370580
31.707265, -25.591544
5.788252, 1.889762
-0.127929, 3.486609
13.222938, -30.936013
32.822306, -21.239408
-3.789672, 20.492613
2.435630, 2.062526
40.000000, -40.000000
10.263293, -2.191308
8.741902, -8.893375
12.059618, -30.620837
7.464208, 26.783484
2.406901, 1.797085
-8.890866, 21.158688
11.378742, -30.839596
-3.218250, 18.044901
-6.454322, 15.006565
5.259069, 26.162824
13.038853, -30.797182
-2.289737, 15.356276
8.430279, -3.991411
8.009354, -6.317008
-1.919020, 1.971326
7.111989, 24.815774
21.641861, -35.695135
-1.548584, 9.629589
0.329589, 1.533158
14.039170, -30.439490
19.053435, -20.951032
36.742583, -24.401263
10.232381, -2.441083
5.125014, 26.298728
-13.754177, 19.100158
33.820144, -23.301675
17.549177, -40.538224
14.246966, -5.322718
5.259069, 26.162824
22.325442, -24.752439
32.418038, -20.593818
-13.716893, 19.114208
3.253363, 24.710198
5.259069, 26.162824
-16.462146, 21.359528
37.156507, -20.391403
6.630158, 24.571523
36.715181, -33.232287
13.476293, -7.163736
-14.011868, 25.645377
12.682229, -30.846524
11.830571, -0.549204
41.587529, -22.276869
6.086749, 21.767975
12.240317, -5.225180
4.300080, -0.704102
39.156999, -24.737432
-13.689807, 29.785967
10.814337, -1.149348
0.329589, 1.533158
14.311737, -5.317669
13.192743, -31.015183
-12.192115, 28.052497
-8.726503, 30.956404
17.583554, -10.029107
4.797571, -0.637770
-0.404225, -3.078932
11.890399, -30.894687
42.784372, -19.753040
40.132322, -24.313420
5.259069, 26.162824
-12.192115, 28.052497
32.934562, -21.471326
1.961726, 21.952262
32.486004, -30.163442
40.157171, -17.479584
-12.657173, 17.454315
-12.192115, 28.052497
37.031190, -18.723203
-9.668908, 26.436754
20.838956, -11.963452
5.259069, 26.162824
-10.774115, 12.433720
-5.478299, 11.091213
40.000000, -40.000000
-8.845651, 32.212673
-8.504926, 31.207057
-6.116483, 10.576946
-9.930633, 30.774193
-10.501816, 21.252222
35.270348, -16.833233
35.211497, -15.585839
-10.944540, 26.163851
5.698932, 19.129578
-12.678060, 18.085403
31.231429, -12.711239
17.593611, -34.465428
11.854568, -0.679722
-9.940528, 26.770608
11.861900, -30.914736
13.609827, -30.888646
15.126242, -4.945367
-12.192115, 28.052497
-5.677187, 11.067327
-11.864395, 31.406508
30.703952, -7.753509
37.241476, -19.913259
-1.919020, 1.971326
35.629804, -17.844709
14.205814, -31.978945
15.690099, -36.607723
-8.266983, 37.033987
34.934447, -4.590923
0.994238, -2.392607
-5.877361, 9.757626
33.397879, -28.659711
4.873901, 25.862539
14.246987, -31.955374
13.883168, -31.109364
-12.282343, 40.233915
-6.909654, 36.276197
-5.552224, 11.075800
5.259069, 26.162824
30.969970, -27.631280
-16.221153, 44.046922
40.158394, -4.220094
4.081655, 17.492300
37.241512, -20.192634
31.671426, -25.085192
35.050358, -5.013313
-5.849665, 11.929203
6.064821, 20.179864
-5.632536, 11.072803
-6.037003, 11.390808
2.368880, 1.004160
35.375980, -22.856264
-5.424143, 11.102718
-4.467766, 15.792910
40.000000, -40.000000
3.817833, 19.767959
13.127509, -30.712191
39.547683, -39.131413
12.859757, -24.140134
13.478112, -30.773733
-13.943430, 24.210173
-1.118335, 6.431745
-6.245758, 9.927086
23.033826, -27.204648
-6.099048, 11.491998
-6.109517, 10.750154
30.417059, -7.836895
36.142657, -26.108956
5.259069, 26.162824
11.978950, -30.776813
11.498857, -30.935986
-5.927406, 10.255156
-10.796627, 12.757726
-0.522101, -3.196286
12.641198, -30.844093
-10.066446, 40.883467
40.199015, -4.264676
-6.029123, 10.594381
-5.649105, 10.540460
39.987881, -6.053414
35.170691, -17.343220
-5.723480, 10.631289
39.971266, -5.413194
-6.002024, 11.087389
40.000000, -40.000000
-11.790696, 26.860044
-0.471097, -0.417456
11.075975, -30.804246
-16.352863, 33.743252
40.000000, -40.000000
37.170853, -31.288369
0.532738, 11.574938
34.592510, -4.210879
6.483900, 19.980199
42.397610, -9.451041
-6.209602, 9.561617
-14.169086, 22.988299
5.259069, 26.162824
2.357054, 5.323514
-15.175159, 40.746186
-5.720135, 11.160618
29.303519, -7.952499
1.360885, 3.953072
36.192323, -21.327675
40.000000, -40.000000
36.203167, -32.927391
38.654977, -32.023005
40.000000, -40.000000
38.917515, -29.372333
39.963945, -29.726262
-8.831293, 41.090430
-4.159261, 4.548701
5.259069, 26.162824
5.259069, 26.162824
14.680230, -34.375865
-5.726801, 10.399192
40.953573, -11.514710
-11.710601, 45.243829
21.740149, -35.894480
3.817833, 19.767959
22.017204, -35.545115
31.179872, -12.588819
-6.049844, 11.389614
38.654977, -32.023005
-4.103668, 9.918958
-3.277984, 1.817754
-6.191679, 9.686763
40.000000, -40.000000
40.538132, -5.065614
5.259069, 26.162824
16.085692, -24.693115
-9.726294, 26.425708
-5.737156, 11.230510
-5.992000, 11.016365
9.886156, 25.251894
8.634284, 25.791791
24.836448, -5.005310
8.526878, 20.572301
29.999884, -33.371963
37.213365, -20.255922
-5.655440, -2.782919
-9.057718, -6.565950
8.897363, 20.249511
41.351086, -18.451046
39.718379, -3.065691
-9.211905, 20.815762
11.256695, 20.185214
-12.509810, -10.951111
-15.532971, -15.077435
29.467787, -25.456440
17.797660, -26.685138
13.154669, -25.049984
-6.055745, 10.645835
-13.437792, -15.721359
13.875813, -35.945139
-20.484850, -16.160297
11.311857, -9.210371
14.220925, -32.019031
8.894302, 20.255724
-14.121849, -15.852732
-24.944379, -12.772058
11.429838, -31.156968
-9.727422, -5.454959
-9.492361, 45.943288
-5.299844, -2.819971
35.332851, -15.402067
-2.571964, 7.283898
5.259069, 26.162824
19.604564, -6.125048
-25.116327, -7.739032
3.989848, 20.383709
-24.776521, -12.984361
11.161323, 22.719539
-23.682969, -10.154965
37.896108, -34.765629
13.908043, -31.076086
-12.841491, -21.119734
10.120014, -1.643054
14.077868, 22.079965
-21.743111, -3.760383
18.655047, 23.752619
-18.363308, 0.386404
12.859757, -24.140134
-5.300502, 11.130200
11.556584, -22.210376
19.763953, 29.010930
11.217009, -30.477566
-25.118897, -7.750520
11.749276, -30.765864
43.482237, -17.301445
21.489181, 28.247028
20.172432, -6.601704
26.740860, 29.651478
39.034382, -21.182406
-27.210985, -10.457679
20.004557, -6.505173
18.221719, -1.468686
13.271262, -30.615816
22.003075, -36.269237
36.349481, -38.322429
12.517683, -30.834693
-29.600985, -11.799086
20.744433, 28.771491
22.757557, -14.204603
-10.830224, 13.018327
-32.170044, -11.811573
-8.564621, 41.027454
-31.056843, -13.813855
29.949484, 33.632869
-11.281403, -26.056652
41.888374, -29.423378
1.669816, 22.093714
-28.900475, -12.077871
-12.495910, -31.372452
-14.823991, 44.241936
20.167117, 28.547011
-15.066747, -35.928764
37.447311, -15.098879
36.745916, -33.310549
-28.881957, -9.783307
20.884508, 34.294218
-25.147973, -14.094678
19.372435, -5.101807
-20.326209, -37.389771
-18.326780, 0.415358
-17.896384, 0.301040
-31.056843, -13.813855
-13.598806, -9.656689
-25.209356, -34.716129
-32.082702, -5.851906
-19.811092, -37.121243
21.341962, 26.379190
37.326584, -15.232133
29.850910, 39.012295
